-1.56942 -11.2481 0
2.25043 -12.4643 0
1.03434 -13.4389 0
-0.860789 -12.587 0
-3.43968 -12.8982 0
0.491627 -18.3593 0
-0.25008 -13.0227 0
3.33816 -13.5431 0
5.15284 -14.9355 0
0.653835 -12.3385 0
0.0397098 -17.3183 0
1.51592 -9.39598 0
1.4948 -17.6717 0
-3.86361 -14.4758 0
-0.0873883 -12.9621 0
2.02864 -19.9813 1
-2.19427 5.26147 3
1.88855 7.3025 3
-0.311964 8.3718 3
-3.46399 7.91306 3
-0.97 6.45345 3
-2.56488 6.13886 3
0.797431 10.1753 3
-3.30578 4.21247 3
-1.17298 4.43222 3
1.23371 4.52723 3
-0.967226 10.5886 3
-0.394192 2.63845 3
-1.44787 7.6654 3
-0.381798 8.49426 3
-0.14492 8.05832 3
3.05248 3.97033 3
-3.76134 4.69167 3
-1.06295 2.18016 3
-2.04752 1.3591 3
-0.051923 9.14196 3
-2.60303 4.46617 3
-2.72942 5.546 3
-3.17865 2.5515 3
0.0356115 5.47979 3
2.06093 9.392 3
0.748428 5.43155 3
2.60825 8.76956 3
1.5734 2.95548 3
1.87971 6.91559 3
-1.48749 -7.96871 5
-2.9601 -5.20237 5
1.39305 -4.34517 5
-0.472129 -6.37756 5
2.28317 -3.40229 5
2.16846 -7.86513 5
2.17281 -7.9845 5
-1.74367 -2.32743 5
-2.75512 -5.68218 5
1.29581 -6.62318 5
-1.69836 -6.50652 5
1.24571 -8.65109 5
-4.2608 -5.58189 5
0.725659 -4.61318 5
2.97101 -6.80599 5
0.229226 -4.47448 5
2.57983 -5.64251 5
2.42028 -5.4388 5
-0.682788 -5.37418 5
-0.130432 -2.76283 5
-0.190793 -4.27178 5
-3.33841 -9.61492 7
-5.94011 -7.35207 7
-6.48257 -11.1045 7
3.67945 2.45485 9
1.50492 -0.493608 9
2.91231 0.189716 9
0.0935132 -0.421862 9
4.47129 1.95623 9
5.06254 3.99878 9
-1.11426 0.107863 9
-1.85283 0.344333 9
3.16767 1.05934 9
5.44303 1.03715 9
2.86509 2.21596 9
-1.99484 20.5034 11
-1.35767 26.3069 11
-0.841974 24.2573 11
0.136778 23.3677 11
-0.056381 18.7237 11
-4.63599 0.70172 13
-5.05813 -3.53435 13
-5.81683 0.24577 13
-4.97771 16.9691 15
-3.48575 12.5758 15
-0.404799 13.6483 15
-2.64708 15.3821 15
-2.77426 13.6502 15
4.48998 10.568 17
2.27929 10.6883 17
4.29891 7.5649 17
6.76407 -7.34228 19
-4.00435 -23.8148 21
-5.57394 7.87546 23
1.02743 106.121 25
-0.817726 101.765 25
2.53265 102.257 25
0.17515 105.421 25
0.687001 106.351 25
0.975255 101.951 25
0.221768 98.644 25
-1.99515 99.3665 25
2.7256 104.64 25
-0.624123 105.843 25
0.969609 101.498 25
1.40606 102.422 25
-1.58477 101.463 25
0.237385 102.416 25
-0.203837 101.237 25
4.22009 99.3298 25
4.70395 102.415 25
0.165514 102.992 25
1.84166 102.758 25
-2.12854 106.342 25
-1.39235 98.3565 25
2.71621 103.403 25
4.94918 103.235 25
2.66408 100.103 25
-1.83042 103.755 25
1.21011 101.795 25
-1.17245 105.483 25
-2.11091 104.612 25
-0.363953 100.583 25
-0.0147806 98.1968 25
2.37019 101.566 25
-2.09541 104.837 25
-6.36011 102.142 27
0.448572 115.853 29
0.606396 116.371 29
-0.0535869 114.606 29
-1.31331 114.928 29
-3.072 116.944 29
-2.50351 119.493 29
-3.21846 114.278 29
0.565479 117.308 29
1.59869 117.746 29
1.35797 117.135 29
-0.688971 92.5337 31
2.27877 91.2887 31
-1.42451 91.9856 31
-0.874052 97.5223 31
-0.500915 94.2318 31
-4.37742 93.9501 31
-4.08969 95.3343 31
0.573775 95.5892 31
2.12339 94.4375 31
-0.157338 95.4052 31
-0.791289 89.7296 31
2.02628 95.0707 31
0.211066 95.8145 31
1.92461 90.5148 31
3.36026 93.4533 31
-0.0184149 88.9705 31
-3.76341 93.2757 31
-0.396473 93.7688 31
-0.561949 92.6874 31
-0.700946 96.3781 31
-1.37241 94.7937 31
-1.54777 95.9676 31
0.251891 90.6901 31
-2.45325 97.3456 31
-5.08011 94.7718 31
-0.347676 87.6484 33
-0.748758 86.093 33
-5.11841 87.9484 33
-4.97335 84.7987 33
-3.0702 86.7297 33
-4.31565 87.0997 33
-1.54841 85.49 33
-3.01675 87.9895 33
-4.68179 82.9087 33
1.56058 84.2513 33
0.387503 78.7098 35
-3.09841 75.6674 35
-1.76216 77.2758 35
-4.4777 75.1844 35
-2.59383 80.1232 35
-4.92489 65.3652 37
-6.48163 114.984 39
-0.617308 125.994 41
1.41394 121.736 41
-1.4939 124.655 41
2.25244 108.933 43
-1.56719 109.787 43
-1.99275 107.845 43
5.40833 110.522 43
-4.11222 110.013 45
-3.61765 106.355 45
1.00546 68.1382 47
-3.29269 130.204 49
3.68304 96.7003 51
4.96944 95.7683 51
4.05689 97.0967 51
4.70152 88.304 53
