58.8817 -40.9541 4 4 180 0
28.109 -16.6457 4 4 180 1
39.9117 1.99849 4 4 180 2
-11.0081 3.30008 4 4 180 3
51.9402 -47.9828 45.7551 30.8776 173.121 0
24.3846 -10.9707 17.4792 19.9498 198.892 1
48.9982 1.31045 31.1053 31.0515 224.885 2
-0.0809169 0.747986 10.1294 44.0021 180.367 3
51.0113 -49.5822 45.9952 12.0054 180.321 0
24.9389 -10.2702 12.8222 10.6354 182.781 1
49.8901 0.465722 33.5979 34.0198 135.799 2
-0.0546275 0.25046 10.0773 45.7358 180.258 3
51.0081 -49.5897 45.9929 11.8519 180.328 0
24.8301 -10.32 11.7981 10.3767 193.877 1
49.8204 0.432555 33.6603 33.9498 135.554 2
-0.0545991 0.250379 10.0774 45.7358 180.258 3
51.0081 -49.5897 45.9929 11.8519 180.328 0
24.8296 -10.3202 11.7921 10.3762 193.96 1
49.8201 0.432353 33.6604 33.9494 135.554 2
-0.0545991 0.250379 10.0774 45.7358 180.258 3
