58.0887 -49.8112 0
35.7058 -48.9914 0
57.9983 -53.3368 0
25.7518 -51.7875 0
55.6137 -49.364 0
56.7039 -50.4673 0
27.334 -53.0374 0
38.1959 -49.9506 0
47.7621 -50.4816 0
34.5378 -50.7294 0
56.1796 -53.5816 0
55.4391 -53.0619 0
37.5198 -51.8519 0
41.5994 -53.3094 0
80.9645 -52.8588 0
52.4877 -51.7872 0
36.81 -46.625 0
50.2831 -46.2437 0
52.3513 -46.9594 0
44.4469 -49.047 0
58.9157 -50.4222 0
51.9649 -49.5575 0
61.7701 -49.9798 0
53.2505 -47.001 0
55.3425 -48.081 0
68.8876 -52.4279 0
36.8276 -49.4464 0
51.1241 -48.157 0
52.1084 -47.0776 0
46.3912 -52.431 0
60.8212 -44.6563 0
54.8051 -45.1702 0
48.2142 -50.3377 0
70.0766 -48.4292 0
44.048 -52.5854 0
49.2849 -53.8801 0
61.8525 -46.2578 0
42.9616 -47.5895 0
39.8515 -48.6511 0
53.9013 -50.6114 0
50.0093 -50.7406 0
50.8968 -52.5355 0
69.4885 -48.4487 0
29.3737 -47.2205 0
44.4914 -53.3554 0
32.0997 -45.8704 0
47.9187 -46.4548 0
74.8716 -52.6354 0
46.9296 -48.0936 0
58.0564 -56.5374 0
79.0723 -54.8674 0
64.6167 -47.5702 0
45.7281 -50.6112 0
35.9997 -54.0994 0
55.0609 -54.9117 0
20.8044 -49.7487 0
52.9844 -50.0675 0
33.0064 -45.5904 0
68.573 -50.581 0
45.0336 -54.6769 0
41.1032 -46.2215 0
37.7591 -50.2951 0
55.4827 -48.0606 0
71.1478 -52.2349 0
56.7047 -49.6606 0
40.1516 -47.4172 0
69.9694 -51.7709 0
52.2509 -49.3224 0
45.0606 -49.2612 0
42.6209 -49.6193 0
45.5995 -51.4615 0
42.3487 -53.5088 0
61.9096 -49.9238 0
36.4244 -46.601 0
58.1036 -52.4184 0
60.6453 -47.3827 0
45.3636 -55.9885 0
45.2482 -49.824 0
51.711 -45.793 0
56.8705 -48.3732 0
45.6859 -48.1754 0
36.392 -47.0151 0
29.0216 -52.6914 0
38.8823 -51.7028 0
50.9544 -50.3006 0
39.1281 -51.6584 0
55.5109 -51.6706 0
51.2948 -50.3477 0
66.5911 -49.2547 0
59.563 -47.539 0
49.0907 -49.3202 0
58.4159 -53.5283 0
32.987 -50.7256 0
37.306 -52.0662 0
55.3037 -46.5302 0
51.9579 -47.6169 0
58.856 -49.4856 0
50.8405 -47.2888 0
47.546 -46.1222 0
52.3966 -50.4051 0
34.0981 -50.3447 0
47.8591 -49.9505 0
44.656 -55.3991 0
49.0388 -51.665 0
41.7544 -49.8779 0
57.1155 -47.9758 0
42.543 -54.6145 0
42.2748 -46.7024 0
54.6321 -49.2612 0
52.0191 -46.7438 0
65.996 -53.9993 0
55.7763 -51.9591 0
51.0544 -50.9349 0
53.1387 -48.7453 0
27.8686 -50.3559 0
49.237 -49.6343 0
39.3516 -51.6862 0
47.8449 -45.1049 0
51.5102 -47.8486 0
49.6745 -53.0559 0
40.2495 -50.8323 0
40.1529 -55.3841 0
59.6656 -44.7481 0
54.6711 -50.0862 0
26.6483 -53.8991 0
60.9213 -51.6694 0
50.8854 -47.1876 0
53.9621 -49.0629 0
54.1616 -50.2972 0
28.1942 -51.0313 0
51.8906 -45.2169 0
71.364 -47.478 0
36.1286 -52.1399 0
54.7773 -52.1131 0
49.1214 -47.9167 0
43.7585 -49.6754 0
40.6175 -49.4571 0
57.243 -50.5502 0
33.7711 -43.3575 0
58.7983 -47.6106 0
47.9772 -54.383 0
60.0764 -50.9882 0
43.9676 -47.7273 0
38.3924 -47.2251 0
79.8774 -53.5052 0
50.6699 -49.3638 0
54.2389 -54.9059 0
54.3251 -47.0008 0
40.426 -47.3105 0
67.4112 -50.9252 0
57.9535 -51.0824 0
57.3406 -43.9895 0
63.2121 -48.5183 0
56.2248 -48.2429 0
36.0767 -48.4574 0
53.9512 -48.0636 0
36.1853 -47.0129 0
66.7331 -51.4285 0
37.8836 -44.3138 0
52.1761 -49.4541 0
58.1584 -52.019 0
61.5662 -57.4726 0
39.2595 -51.8869 0
47.9167 -55.61 0
28.0113 -50.2213 0
50.7384 -45.6328 0
28.7396 -46.5851 0
52.3305 -51.1203 0
55.1079 -50.6916 0
55.5122 -54.6088 0
57.7791 -55.2045 0
64.7435 -54.2828 0
37.1861 -52.6558 0
72.2837 -48.7221 0
51.1325 -52.1599 0
61.8369 -49.2989 0
46.0472 -50.9523 0
50.2705 -49.8406 0
40.8982 -55.2876 0
61.9728 -50.8355 0
66.9386 -48.2044 0
40.2676 -49.2605 0
57.3017 -51.2861 0
52.2899 -47.0097 0
70.5966 -54.0502 0
41.7605 -53.1943 0
51.7581 -49.7869 0
32.5583 -51.2061 0
38.8191 -48.5263 0
57.9202 -50.982 0
61.3281 -51.0147 0
48.4353 -44.953 0
52.4548 -46.9905 0
54.2181 -49.8919 0
34.7686 -55.2261 0
49.3321 -48.8842 0
53.5674 -50.8425 0
65.864 -43.8853 0
59.5797 -52.1268 0
54.8336 -50.2559 0
61.504 -49.9969 0
36.288 -50.4399 0
47.8165 -53.6226 0
24.035 -45.3074 0
40.1081 -50.688 0
40.1283 -52.5341 0
60.3171 -51.4256 0
59.8882 -54.0709 0
62.9333 -51.4066 0
40.0153 -46.5675 0
61.4608 -51.3557 0
47.738 -55.5447 0
64.9013 -44.3386 0
58.5503 -49.9416 0
61.3457 -47.2578 0
56.2907 -51.0511 0
48.5927 -50.1719 0
45.2383 -57.9966 0
63.6598 -58.5635 0
57.6015 -50.1346 0
32.7048 -53.4019 0
54.3046 -50.3766 0
61.1518 -48.5386 0
39.937 -48.0069 0
38.6478 -51.0936 0
44.5111 -47.6401 0
51.7338 -49.3864 0
67.9643 -52.088 0
45.4746 -48.8185 0
58.5822 -49.0407 0
47.5711 -44.0514 0
47.0486 -46.6505 0
54.3949 -52.1969 0
50.7626 -49.7399 0
57.8036 -48.4909 0
54.3925 -48.9707 0
38.595 -51.5213 0
53.9647 -49.2425 0
41.0636 -48.4222 0
48.4494 -45.0749 0
59.4217 -52.0597 0
59.0901 -47.7715 0
44.0039 -49.3408 0
44.0527 -47.8667 0
45.4232 -49.1787 0
40.016 -52.5269 0
59.6123 -51.846 0
55.7461 -48.6141 0
57.4907 -53.8957 0
50.1544 -50.6592 0
45.3187 -51.541 0
64.0461 -48.4274 0
73.1833 -49.92 0
46.4962 -51.5965 0
36.8582 -48.7021 0
71.7457 -52.4609 0
24.9461 -49.0022 0
48.3865 -52.4845 0
57.2722 -54.6986 0
50.8203 -48.6486 0
51.7521 -49.7646 0
62.0194 -52.127 0
60.7332 -47.6191 0
53.8553 -48.1851 0
50.0796 -45.5943 0
45.7193 -52.3955 0
46.1793 -45.4106 0
53.6969 -50.3193 0
59.8258 -51.6697 0
53.1746 -54.4186 0
59.5478 -47.8632 0
20.629 -46.0838 0
58.3412 -48.6571 0
24.9022 -51.5151 0
42.8344 -46.681 0
55.6844 -50.0289 0
64.3812 -55.0529 0
53.5583 -52.2403 0
61.2448 -48.5235 0
61.6016 -41.4751 0
46.8941 -44.9966 0
52.8272 -47.4802 0
32.0085 -49.3324 0
40.8249 -55.4187 0
60.3205 -47.2049 0
62.0186 -52.7208 0
51.5934 -53.1857 0
62.7191 -49.9894 0
46.8164 -48.8921 0
41.5626 -48.107 0
56.9204 -50.7523 0
36.7224 -49.8112 0
63.7222 -47.1872 0
58.5794 -47.8166 0
49.7683 -51.2143 0
33.1601 -50.9284 0
52.0546 -51.1711 0
49.5054 -50.8144 0
64.6511 -49.2614 0
55.8071 -52.992 0
50.4391 -46.7685 0
57.8429 -49.4494 0
45.9668 -51.8901 0
51.8482 -48.0192 0
48.9626 -49.6607 0
47.9301 -51.9184 0
58.1032 -49.8505 0
37.644 -52.4054 0
40.6051 -50.5615 0
57.0025 -49.4708 0
59.0531 -51.3341 0
44.4546 -55.5204 0
51.3804 -48.4691 0
45.1136 -44.2764 0
50.1292 -49.9836 0
52.8734 -48.3777 0
43.1449 -50.9876 0
63.2228 -46.959 0
55.7207 -54.8472 0
47.9898 -45.0691 0
38.9532 -48.6475 0
53.0727 -50.0066 0
49.461 -55.2735 0
35.347 -50.7657 0
29.9484 -50.4341 0
42.7724 -45.099 0
49.031 -50.416 0
40.2856 -48.7945 0
48.3947 -53.1304 0
18.7205 -50.9868 0
52.8189 -48.9065 0
48.3003 -51.5692 0
58.7183 -50.9939 0
62.63 -54.1202 0
55.4335 -53.7966 0
58.4367 -48.6865 0
28.8078 -46.4879 0
47.1024 -47.1084 0
50.3445 -51.9144 0
45.1189 -54.2599 0
35.9435 -49.3026 0
46.0479 -50.5095 0
38.9805 -50.8758 0
53.7798 -50.5239 0
53.7207 -51.8452 0
48.7942 -49.5535 0
46.5348 -49.7621 0
47.6678 -46.0369 0
44.4484 -54.8896 0
51.6624 -49.9251 0
59.2372 -52.4494 0
63.8198 -48.7087 0
54.8827 -47.6843 0
38.2609 -50.9674 0
33.1691 -49.7921 0
51.4166 -49.3445 0
29.2063 -46.6247 0
50.4922 -53.642 0
55.0268 -51.0972 0
56.0286 -52.7757 0
43.446 -50.8062 0
51.1156 -50.7612 0
44.3765 -48.9923 0
50.8739 -46.5222 0
57.6644 -57.8458 0
48.394 -47.0968 0
41.1295 -50.1438 0
28.8421 -49.0841 0
59.9999 -45.7817 0
63.2837 -50.8661 0
50.7171 -50.3862 0
39.5601 -50.7011 0
51.5286 -53.0411 0
30.4288 -48.149 0
38.6059 -50.3688 0
57.1309 -47.3544 0
36.3842 -45.2203 0
43.6971 -46.8501 0
43.4194 -53.6553 0
29.3985 -49.3186 0
38.5348 -49.6896 0
57.4555 -50.8995 0
52.7624 -49.7645 0
51.8306 -50.3648 0
55.318 -52.0603 0
50.7205 -49.5166 0
58.8168 -48.5376 0
22.3991 -53.8716 0
57.18 -54.0089 0
73.22 -51.7738 0
31.7065 -48.7537 0
66.2844 -51.3945 0
58.6286 -54.1014 0
53.385 -45.6838 0
53.8456 -49.066 0
56.4172 -45.7577 0
37.988 -49.7744 0
52.3311 -49.5369 0
56.5511 -44.2819 0
59.9729 -52.4918 0
34.0629 -52.1421 0
69.3909 -49.4989 0
50.4161 -50.0761 0
47.5252 -51.4903 0
53.5015 -45.7066 0
50.6158 -50.231 0
39.9042 -47.8562 0
28.9231 -54.5653 0
42.216 -49.397 0
55.1856 -45.8547 0
53.6236 -47.6713 0
38.1079 -51.9473 0
57.7469 -48.8149 0
65.3126 -49.4204 0
37.875 -54.0254 0
60.6648 -48.3356 0
58.1943 -57.8332 0
51.2069 -51.8577 0
48.7342 -46.7156 0
42.2566 -48.3707 0
50.4279 -49.4422 0
45.3241 -46.3476 0
33.2715 -50.8312 0
65.4226 -51.1552 0
61.309 -49.1565 0
34.1554 -51.8486 0
44.8449 -51.6616 0
69.4707 -48.9567 0
51.7842 -46.2544 0
52.9061 -48.8279 0
37.8864 -45.1437 0
44.2345 -53.1785 0
61.7616 -51.4474 0
34.3457 -51.231 0
40.5347 -45.9931 0
47.3825 -50.1099 0
45.494 -53.0732 0
51.9168 -46.7657 0
51.7368 -46.8976 0
43.9285 -50.9217 0
57.0083 -53.699 0
48.4459 -48.5194 0
47.2077 -47.2229 0
44.3905 -53.3025 0
50.154 -49.7867 0
49.6161 -52.1701 0
44.8239 -50.871 0
58.4028 -49.1853 0
65.8308 -51.2915 0
77.1951 -45.4849 0
49.8174 -53.8746 0
46.7618 -48.8416 0
59.9272 -48.1272 0
30.7482 -44.7702 0
52.9793 -53.2875 0
44.7945 -52.6582 0
54.9783 -50.6915 0
45.8521 -55.308 0
40.2945 -46.3165 0
65.7789 -46.8369 0
41.4909 -52.8692 0
61.3852 -46.7195 0
46.2853 -48.6159 0
52.0085 -55.9521 0
50.2596 -49.5084 0
62.2083 -50.6736 0
53.2593 -47.5632 0
49.4382 -48.1062 0
58.639 -55.0643 0
49.9907 -51.7637 0
48.8069 -48.7478 0
53.643 -49.2544 0
27.9354 -50.8916 0
47.1533 -48.9637 0
50.3392 -49.8256 0
42.2524 -48.978 0
52.47 -52.5153 0
44.7638 -52.4459 0
49.9372 -51.8975 0
30.175 -46.9878 0
41.6005 -47.1718 0
61.3012 -52.8514 0
27.5617 -50.9272 0
57.4735 -50.1524 0
44.7529 -49.0328 0
54.5921 -47.1007 0
44.3841 -51.2627 0
40.2791 -50.1978 0
26.2699 -52.4521 0
55.9675 -48.06 0
47.6083 -56.8913 0
53.2875 -49.9824 0
66.6966 -50.4157 0
55.6863 -53.3255 0
52.3724 -51.8384 0
45.9937 -56.0974 0
45.6439 -49.1706 0
57.5265 -50.5476 0
54.5345 -48.1742 0
48.3771 -48.7422 0
44.9744 -49.59 0
42.6816 -51.1274 0
52.1648 -51.8835 0
46.6973 -48.9082 0
74.4033 -49.0191 0
57.3455 -50.5993 0
63.2829 -51.4328 0
51.6065 -54.1755 0
49.9185 -50.8218 0
77.5733 -49.4254 0
42.22 -51.4853 0
59.8886 -44.0758 0
50.8241 -47.5705 0
55.07 -48.6003 0
38.3871 -51.1382 0
46.149 -48.685 0
50.5842 -51.8689 0
53.7847 -44.3936 0
61.3672 -52.8349 0
38.7157 -47.8906 0
38.0182 -45.0336 0
57.5903 -49.9907 0
59.8014 -48.6992 0
60.0528 -50.626 0
45.9381 -48.0597 0
49.3014 -50.0842 0
45.8646 -49.2848 0
53.6411 -44.4869 0
47.0053 -50.9082 0
44.9954 -49.6975 0
57.0548 -50.0036 0
70.228 -52.1769 0
42.4267 -49.8531 0
40.2419 -50.8066 0
52.653 -53.0543 0
48.0328 -50.0632 0
73.8018 -50.5223 0
44.4763 -49.0666 0
36.8393 -52.8352 0
61.5055 -47.8825 0
37.2941 -53.934 0
35.2988 -47.5612 0
71.246 -48.981 0
52.7492 -51.2469 0
60.6502 -48.7076 0
63.1398 -50.7559 0
29.1458 -45.1694 0
42.4753 -52.4754 0
45.3774 -49.1865 0
65.4989 -49.9675 0
31.8476 -56.7834 0
55.1123 -53.962 0
46.7129 -52.0979 0
53.5017 -48.7089 0
58.6818 -49.9114 0
49.1464 -50.0378 0
63.2291 -48.6088 0
38.9011 -49.2925 0
44.0829 -49.6065 0
64.7723 -51.7646 0
53.7074 -48.4853 0
37.5845 -50.4237 0
37.0563 -50.4683 0
62.3082 -48.8839 0
50.4484 -49.346 0
34.0044 -47.6201 0
54.977 -46.0906 0
55.7496 -52.9453 0
62.7336 -48.5694 0
30.6157 -46.9552 0
45.3017 -50.7225 0
35.0114 -50.4334 0
45.761 -54.8641 0
56.6639 -48.7169 0
57.4481 -46.0451 0
46.5879 -52.8244 0
54.5687 -53.8595 0
53.3814 -45.8207 0
35.4062 -48.8187 0
47.7673 -50.1051 0
43.5088 -48.0586 0
36.8666 -49.6724 0
57.4269 -50.308 0
81.3052 -52.0751 0
43.3064 -52.6605 0
66.1424 -46.9824 0
47.6297 -53.8262 0
45.2332 -51.9327 0
57.8296 -47.0336 0
40.6731 -50.898 0
33.4011 -51.2824 0
47.6143 -48.052 0
68.3325 -44.7463 0
41.4591 -47.4688 0
50.9221 -50.1547 0
32.8144 -50.8608 0
55.9694 -49.3863 0
50.3029 -50.1043 0
47.9298 -54.846 0
58.6222 -46.023 0
59.9334 -52.5016 0
27.1056 -51.6184 0
48.1396 -50.5812 0
49.1384 -46.9963 0
33.0092 -51.5899 0
46.2509 -50.9582 0
32.7237 -50.8316 0
66.3765 -52.171 0
55.523 -54.0758 0
45.0768 -45.4224 0
57.0166 -55.8109 0
66.0113 -51.8086 0
65.5796 -43.1129 0
44.1205 -52.1992 0
48.0639 -50.1785 0
58.2233 -51.3365 0
51.4532 -50.4589 0
49.0487 -50.6898 0
53.5726 -51.8669 0
48.7971 -47.1327 0
47.344 -44.8474 0
64.6435 -48.3672 0
37.4217 -48.4136 0
30.9274 -46.5799 0
39.3935 -51.7737 0
51.5139 -47.1527 0
42.6623 -45.101 0
62.1592 -50.3924 0
52.8397 -47.3924 0
51.5422 -50.1806 0
53.4193 -53.3238 0
33.093 -52.4857 0
46.4078 -44.7075 0
50.6054 -47.7829 0
38.3928 -49.5887 0
81.357 -51.9426 0
36.0857 -50.2067 0
45.9882 -48.5907 0
53.0409 -50.2815 0
53.2468 -48.3642 0
61.0824 -51.5165 0
54.3719 -51.2604 0
64.5662 -50.1354 0
36.5691 -44.7902 0
47.3733 -50.3519 0
49.2253 -45.7916 0
53.9092 -47.0685 0
40.7207 -51.2128 0
44.7879 -53.4505 0
59.7662 -52.3176 0
49.6948 -50.4153 0
69.5773 -48.6287 0
34.1554 -49.4035 0
49.0601 -49.1329 0
48.2181 -49.697 0
57.3681 -50.9364 0
52.0827 -50.9467 0
53.5404 -47.2481 0
52.0513 -49.0137 0
47.2581 -46.4836 0
67.0563 -48.7942 0
57.6566 -50.0926 0
38.4434 -49.2658 0
36.0234 -44.6901 0
44.7176 -52.1047 0
65.1681 -51.3712 0
66.438 -53.1714 0
53.9459 -52.1829 0
56.2824 -49.5804 0
45.6165 -50.701 0
54.053 -42.1836 0
62.5272 -49.6093 0
45.2109 -47.5673 0
51.6672 -49.7592 0
30.4206 -48.1765 0
51.8044 -44.9886 0
53.1125 -46.3394 0
71.0958 -49.8831 0
50.0158 -50.7682 0
44.6274 -47.2337 0
30.2832 -49.4808 0
69.3696 -51.4466 0
37.7912 -53.2954 0
53.9738 -48.2896 0
43.5011 -50.7129 0
49.934 -50.0323 0
27.1223 -48.759 0
43.8717 -50.3399 0
72.1004 -48.6324 0
55.3057 -52.2678 0
47.8597 -51.7488 0
52.2778 -47.6532 0
59.6636 -46.9192 0
49.3744 -52.0253 0
57.6806 -49.489 0
48.6464 -49.7395 0
42.0705 -50.4553 0
57.5741 -48.9981 0
47.7709 -51.9588 0
37.0726 -50.0988 0
61.9485 -51.4619 0
46.9961 -53.6602 0
53.2592 -49.8791 0
54.6775 -50.5176 0
53.7707 -45.7932 0
54.858 -49.9462 0
41.2375 -52.1374 0
38.7025 -53.421 0
49.2897 -46.68 0
52.9856 -51.7326 0
42.4564 -47.8843 0
45.5793 -49.2004 0
49.9144 -53.1797 0
62.7373 -50.4091 0
60.8427 -53.0138 0
38.7845 -52.5706 0
71.7057 -47.7246 0
47.3905 -45.4999 0
39.9112 -50.6983 0
29.9971 -49.2066 0
15.8612 -52.8715 0
44.0559 -52.8062 0
58.9493 -50.8971 0
70.1627 -53.6124 0
50.0963 -51.4212 0
36.7482 -48.1974 0
56.1454 -43.7307 0
44.6001 -52.0807 0
34.4347 -42.6441 0
41.4203 -52.3797 0
67.6635 -50.8086 0
56.6457 -52.4621 0
51.2647 -50.9253 0
31.6553 -49.0293 0
59.5963 -48.9379 0
32.3769 -50.005 0
42.7272 -50.9577 0
40.4402 -52.6752 0
58.4672 -53.012 0
49.0526 -50.4372 0
44.5916 -50.2005 0
68.7696 -51.8339 0
59.9436 -49.605 0
46.0935 -43.7332 0
59.7701 -55.4447 0
44.8528 -46.7102 0
56.398 -49.1295 0
49.6014 -55.7955 0
43.6619 -53.5062 0
56.18 -48.8349 0
52.6364 -50.0408 0
65.5576 -51.8858 0
44.4368 -51.4318 0
57.3516 -52.4093 0
60.1412 -47.5126 0
46.7302 -48.853 0
41.4871 -48.506 0
47.3834 -48.4988 0
41.0554 -52.265 0
58.207 -52.3624 0
30.3047 -49.5957 0
43.7191 -47.7606 0
46.9567 -50.9886 0
56.1238 -47.1539 0
45.8679 -51.0946 0
43.9371 -51.9458 0
48.9568 -50.1898 0
58.7727 -51.1062 0
36.6121 -49.2508 0
26.2136 -49.3726 0
46.1336 -52.1423 0
45.2891 -48.8647 0
58.2914 -54.4981 0
47.5397 -50.4314 0
40.579 -48.6198 0
54.413 -47.1657 0
42.0617 -47.4775 0
44.1165 -52.783 0
51.4918 -51.0774 0
63.666 -45.6878 0
50.5128 -51.9008 0
84.2078 -53.4439 0
82.0024 -48.8367 0
50.6925 -49.6488 0
54.183 -51.5762 0
38.993 -52.8271 0
49.7376 -52.1374 0
27.3039 -53.7061 0
72.1865 -49.4533 0
55.384 -52.8698 0
36.3037 -47.4922 0
55.5825 -53.238 0
66.25 -52.4858 0
55.6676 -52.5841 0
60.1699 -47.5407 0
52.7855 -47.5294 0
31.3176 -43.4929 0
64.4977 -49.4664 0
51.806 -46.5735 0
49.9486 -52.876 0
51.0072 -51.2093 0
58.4747 -52.4021 0
25.4877 -53.9453 0
53.358 -50.8947 0
45.5389 -49.8293 0
70.956 -46.2099 0
49.5533 -51.0541 0
37.9535 -50.6035 0
29.8174 -49.5917 0
54.0206 -52.8354 0
53.9011 -51.9833 0
44.1429 -47.1998 0
54.8835 -45.6437 0
49.1415 -50.4388 0
62.8052 -47.951 0
66.1312 -55.1628 0
38.031 -50.5623 0
55.1197 -51.8297 0
47.075 -47.5644 0
42.7601 -54.2285 0
53.3015 -52.996 0
71.1812 -47.7425 0
49.3614 -50.0671 0
53.8225 -49.015 0
47.1557 -52.9568 0
58.6356 -50.2904 0
44.813 -55.5665 0
60.6665 -46.8055 0
67.0812 -53.7003 0
70.7916 -51.9624 0
68.4167 -51.3936 0
52.7492 -51.2793 0
54.4732 -50.5864 0
36.4123 -44.6734 0
32.5287 -50.1698 0
50.9596 -44.5036 0
72.4471 -49.4982 0
57.5841 -47.3213 0
79.8511 -52.9168 0
58.0482 -52.0464 0
47.8089 -50.5422 0
27.2961 -46.9517 0
55.6576 -54.1881 0
38.0985 -46.5363 0
42.241 -50.9812 0
43.8766 -46.514 0
42.9505 -51.5502 0
44.0283 -53.298 0
25.9332 -51.8148 0
54.3029 -51.992 0
53.6421 -54.3559 0
39.2742 -47.5974 0
37.9885 -51.0711 0
69.6093 -51.0763 0
47.4528 -50.1653 0
63.9195 -57.4811 0
38.9395 -47.0887 0
40.9298 -48.4842 0
53.9187 -52.5224 0
67.539 -49.5091 0
40.4128 -52.1915 0
23.485 -45.9203 0
52.1762 -51.8126 0
47.8601 -47.6526 0
48.7228 -48.4385 0
41.6696 -49.7733 0
58.4364 -51.2015 0
58.6063 -46.5394 0
39.8398 -55.3324 0
30.8614 -50.4565 0
54.1991 -44.5521 0
51.1748 -51.0414 0
46.2382 -50.9873 0
38.7475 -50.2118 0
56.6405 -52.7359 0
65.6755 -44.1753 0
50.3289 -51.1681 0
28.9598 -52.3986 0
71.5698 -47.5565 0
53.362 -47.5652 0
62.2247 -49.929 0
41.3891 -50.3703 0
30.4267 -49.4447 0
56.7808 -47.3436 0
48.5398 -49.808 0
51.4984 -44.4684 0
44.9704 -50.7804 0
53.7359 -50.2667 0
57.817 -51.4507 0
65.9431 -54.0125 0
36.9685 -50.4937 0
47.0293 -51.1555 0
36.8356 -48.0576 0
68.4833 -48.1514 0
41.8793 -51.772 0
49.5395 -47.9382 0
56.6632 -49.7653 0
71.6146 -48.6823 0
49.8093 -49.4646 0
51.4325 -46.0257 0
51.6121 -50.6005 0
34.4972 -49.3734 0
39.1524 -50.201 0
47.9123 -52.2122 0
40.461 -50.4814 0
36.1027 -51.3142 0
58.3077 -46.8335 0
52.9598 -45.7493 0
64.0847 -52.1159 0
47.284 -49.7704 0
40.1235 -52.3824 0
46.9628 -54.1452 0
51.3863 -50.3249 0
56.6637 -51.3834 0
56.6704 -47.2877 0
51.1991 -50.2396 0
56.8487 -47.2264 0
60.8365 -44.7646 0
38.1063 -46.5879 0
42.7161 -48.9153 0
43.4695 -51.7121 0
33.1663 -50.4135 0
49.312 -48.8115 0
73.9696 -48.8612 0
39.495 -52.6524 0
59.6463 -52.0341 0
36.4498 -46.5946 0
49.655 -52.9771 0
64.0611 -48.0991 0
55.8607 -48.9048 0
48.5021 -48.154 0
47.0616 -48.7627 0
47.282 -50.5604 0
57.0161 -54.9983 0
39.7022 -47.5292 0
48.6195 -51.675 0
58.8681 -55.2945 0
42.2238 -51.3641 0
51.2219 -46.9408 0
34.9161 -47.763 0
68.7242 -48.7742 0
52.2613 -54.6452 0
32.4191 -45.7367 0
50.2601 -50.7463 0
49.0934 -42.7003 0
69.6295 -51.2818 0
66.445 -46.5138 0
52.4593 -48.9341 0
40.2311 -53.6459 0
69.3713 -57.2845 0
76.1222 -52.0362 0
42.3848 -49.226 0
60.4573 -56.2267 0
35.8263 -49.4677 0
33.5422 -45.511 0
63.4402 -48.6342 0
38.9519 -44.8341 0
43.729 -54.8668 0
60.139 -50.2328 0
52.9622 -50.0048 0
52.4323 -50.9774 0
44.6388 -47.4583 0
40.3817 -48.2323 0
34.9912 -52.9504 0
65.5226 -49.8344 0
60.3616 -48.5208 0
43.6489 -55.0138 0
51.3568 -49.5547 0
30.6646 -51.1849 0
28.5888 -52.6872 0
59.7362 -49.106 0
38.3032 -50.5172 0
42.6243 -50.2748 0
47.83 -46.7051 0
59.6477 -54.7301 0
42.306 -51.3291 0
37.9928 -50.8025 0
49.8792 -52.9424 0
48.2233 -50.4897 0
51.6586 -52.2303 0
46.2069 -48.6085 0
37.8297 -50.5775 0
34.974 -50.0581 0
36.5447 -46.6911 0
57.1404 -50.628 0
61.3306 -57.7507 0
63.2659 -47.9111 0
57.4499 -46.8863 0
62.2293 -51.3701 0
64.3056 -51.557 0
52.9699 -46.137 0
51.9339 -49.4422 0
49.8422 -47.0488 0
62.2264 -44.3438 0
51.8463 -51.6775 0
47.4369 -51.4013 0
57.2319 -43.9441 0
63.3201 -52.0109 0
46.0141 -46.4231 0
49.2176 -52.0215 0
55.8831 -5.55441 0
53.3394 -7.99722 0
54.4381 -3.49584 0
54.4373 -5.04692 0
51.8743 -6.89219 0
51.7134 -6.00198 0
70.0025 -23.8091 0
50.5116 -3.02008 0
56.0414 -6.5704 0
51.7081 -1.06728 0
58.3818 -8.26328 0
54.42 -0.153918 0
55.1476 -2.39305 0
61.72 -15.0093 0
61.451 -3.81147 0
56.8127 0.0542623 0
65.3775 -13.0028 0
46.7629 -2.25549 0
61.0579 -5.67524 0
52.3435 -3.17831 0
48.8544 -2.43323 0
64.9456 -12.6031 0
65.8281 -19.3652 0
51.1298 -10.3134 0
67.2448 -23.9063 0
62.1 -8.55219 0
50.1436 -7.05098 0
52.0742 -2.14689 0
62.7952 -13.4751 0
55.2617 -2.47715 0
63.4625 -16.4616 0
55.0052 -4.47395 0
62.951 -15.303 0
52.0767 -1.10126 0
58.5203 -8.32162 0
54.0601 -7.41838 0
59.4085 -5.62595 0
56.0285 -3.67539 0
50.4671 -0.884864 0
52.7429 -5.06333 0
50.6759 -1.15774 0
62.3189 -11.1383 0
58.5292 -4.97584 0
53.5016 -8.42701 0
56.2107 -1.26324 0
56.6577 -5.86255 0
51.4189 -1.97342 0
56.482 -3.56518 0
53.8126 -2.73248 0
58.5591 -14.0928 0
52.7286 -5.45511 0
50.0921 -1.40612 0
53.1138 -1.31539 0
47.6194 -1.94354 0
60.5649 -3.06398 0
53.2602 -3.34638 0
56.5901 -8.86749 0
53.4758 -2.12028 0
52.7495 -3.13806 0
66.9616 -13.2319 0
51.9101 -4.86203 0
54.7622 -5.48499 0
57.9353 -4.48906 0
45.4794 -1.69337 0
56.4684 -7.78901 0
68.7752 -23.504 0
49.5633 -6.46883 0
55.184 -0.909537 0
61.7271 -12.9027 0
54.893 -6.36304 0
59.4456 -0.889552 0
60.4347 -8.2384 0
55.661 -3.12861 0
54.1708 -1.40219 0
60.8911 -12.7836 0
51.9309 -1.14226 0
54.38 -7.17293 0
52.9672 -13.4466 0
44.5735 -2.5231 0
50.8689 -2.43539 0
53.1448 -4.08393 0
50.6774 -7.15307 0
51.87 -9.17079 0
57.4693 -13.4135 0
66.7405 -14.7632 0
49.2861 -2.33196 0
58.908 -7.82622 0
57.924 -9.0142 0
63.3047 -10.636 0
54.2864 -6.0494 0
61.794 -17.3645 0
51.3997 -1.0849 0
54.94 -6.2682 0
57.3396 -8.68817 0
53.0747 -2.88962 0
51.9436 -3.10787 0
65.5782 -6.80981 0
55.3146 -8.24919 0
53.2563 -3.58128 0
58.1806 -8.08835 0
56.3319 -8.26927 0
54.1667 -9.84818 0
58.2052 -10.0957 0
57.1942 -9.02393 0
44.4924 -2.35101 0
64.5751 -6.45497 0
56.1196 -5.97178 0
59.9943 -6.02977 0
53.7329 -5.17131 0
53.6884 -15.6946 0
55.3093 -5.44171 0
52.7953 -3.29504 0
58.9558 -6.80388 0
51.6641 -0.783109 0
61.3026 -14.1183 0
56.7759 -5.35364 0
51.5794 -4.65266 0
56.609 -4.41525 0
53.8466 -2.35743 0
53.3513 -2.24978 0
55.2495 -8.09038 0
58.0295 -4.80863 0
55.5353 -8.07253 0
55.0597 -3.0558 0
52.5854 -8.03757 0
49.6462 -0.57727 0
61.0916 -8.76035 0
66.5376 -16.2475 0
63.7286 -17.0428 0
51.8655 -8.45462 0
51.4112 -1.06492 0
57.0489 -9.96512 0
59.3048 -5.85587 0
54.0172 -1.42108 0
52.4036 -2.82695 0
55.811 -8.09733 0
49.1494 -5.37382 0
58.2905 -5.19567 0
56.8743 -4.91148 0
54.0208 -4.01826 0
56.6702 -13.7062 0
50.9541 -4.09515 0
59.0325 -6.85852 0
64.2431 -2.09868 0
53.782 -0.196966 0
59.3027 -5.27107 0
56.6306 -10.3867 0
48.8924 -3.38536 0
59.0497 -8.93754 0
54.3908 -5.40179 0
61.7335 -7.65093 0
57.6348 -4.48155 0
48.9813 -0.700319 0
50.637 -2.27751 0
60.9351 -9.77871 0
52.0241 -6.21108 0
55.9628 -5.12427 0
55.8658 -5.59247 0
55.3503 -4.5485 0
55.4977 -7.31526 0
53.1837 -0.867517 0
61.5389 -7.13742 0
50.658 -7.46925 0
52.1798 -2.16559 0
45.9081 -3.36995 0
52.773 -1.20513 0
55.499 -6.83793 0
56.0812 -11.8115 0
51.1927 -6.52034 0
56.9215 -4.9996 0
48.8985 -1.60327 0
52.3187 -3.03066 0
51.3474 -3.92847 0
51.2345 -1.11589 0
54.8442 -8.23761 0
60.7329 -8.80116 0
55.0998 -1.78764 0
51.4681 -0.530281 0
47.7886 -2.93525 0
52.802 -4.31528 0
52.3337 -6.21307 0
50.2577 -1.32568 0
49.931 -10.9679 0
60.0757 -4.03389 0
58.8345 -9.95785 0
50.2382 -0.778883 0
48.948 -3.23698 0
56.93 -3.1342 0
54.6677 -5.88274 0
52.1294 -1.77531 0
51.0448 -1.54682 0
52.3316 -5.20474 0
57.2965 -5.16104 0
52.285 -7.89956 0
65.26 -17.5912 0
60.5961 -12.4439 0
53.2497 -8.98405 0
53.3908 -2.04052 0
57.5456 -1.49719 0
51.983 -1.31021 0
58.6787 -0.542239 0
55.3375 -8.7852 0
64.1377 -13.2809 0
50.2753 -0.597324 0
56.6018 -0.699964 0
54.2138 -0.892945 0
56.3408 -4.60567 0
61.2936 -10.357 0
58.7523 -6.31709 0
50.3165 -11.3317 0
49.5515 -2.16952 0
60.1517 -11.6677 0
58.6329 -7.35373 0
64.5757 -12.9516 0
52.8903 -1.2105 0
57.3436 -9.30063 0
52.3809 -7.55847 0
48.2009 -1.27276 0
56.5466 -5.33035 0
60.3461 -12.0516 0
72.5087 -15.9159 0
47.1453 -2.62607 0
58.3744 -5.65019 0
49.806 -4.43239 0
53.0528 -3.99276 0
63.442 -8.84829 0
60.401 -5.6748 0
47.2419 -5.64402 0
58.2053 -9.06469 0
54.0308 -0.559894 0
52.58 -9.67592 0
48.753 -1.24727 0
53.1142 -2.03199 0
49.987 -3.52525 0
48.6209 -1.30481 0
56.0289 -9.97498 0
55.2059 -5.3643 0
55.3036 -1.16837 0
55.6067 -2.81765 0
43.4532 -3.21706 0
52.3495 -2.29955 0
61.5775 -12.038 0
51.7037 -6.36319 0
50.3937 -2.97541 0
54.9656 -5.68252 0
54.5077 -1.89107 0
50.2144 -2.86146 0
68.0385 -16.465 0
54.8005 -5.59202 0
58.4353 -10.3602 0
48.2055 -4.09823 0
70.0063 -18.9832 0
61.1963 -2.74289 0
54.5887 -2.57056 0
49.101 -1.73945 0
56.0873 -10.0097 0
55.4026 -5.3315 0
57.8827 -5.96837 0
56.7064 -7.51496 0
55.0128 -4.96407 0
62.8494 -15.7735 0
49.738 -4.03713 0
66.5537 -17.1106 0
59.6686 -6.58619 0
65.8207 -14.2175 0
51.0775 -2.81988 0
58.4803 -6.57132 0
58.8096 -9.77837 0
61.0412 -10.8769 0
50.848 -6.41207 0
53.3974 -1.54482 0
56.2343 -6.04269 0
60.3831 -8.31474 0
59.2608 -11.6435 0
53.7009 -1.53045 0
59.535 -7.86268 0
56.2876 -0.72101 0
52.0161 -6.1374 0
60.0586 -7.93825 0
55.6399 -3.7744 0
58.0763 -2.42652 0
50.5336 -5.95684 0
55.0632 -5.44215 0
70.7959 -23.4915 0
63.5981 -9.20739 0
57.6524 -3.39752 0
66.7277 -9.15793 0
50.5467 -0.758465 0
54.6753 -3.76189 0
45.1202 -1.98912 0
58.9266 -3.23656 0
55.3024 -8.76438 0
60.1154 -13.0606 0
51.06 -6.78176 0
50.9015 -9.0657 0
60.1108 -12.5462 0
65.9193 -6.06074 0
54.9062 -6.73341 0
50.7104 -1.34823 0
51.2268 -3.83973 0
61.5586 -9.13772 0
58.3681 -8.8303 0
53.8526 -0.143305 0
50.9694 -1.213 0
50.0932 -4.76765 0
70.9259 -23.4338 0
51.9639 -2.33871 0
53.4586 -1.12052 0
56.8121 -8.87215 0
52.2217 -3.97073 0
60.2601 -10.3403 0
54.8407 -0.665226 0
55.313 -8.51596 0
64.8822 -12.7934 0
54.5795 -5.84753 0
50.8148 -2.13771 0
54.4522 -0.533507 0
52.1519 -0.741477 0
62.9736 -11.1381 0
55.378 -5.45053 0
59.8189 -11.6422 0
59.4556 -13.8151 0
51.27 -4.32695 0
54.7614 -4.11999 0
59.1806 -8.53236 0
51.3546 -1.00126 0
65.0795 -14.7531 0
62.7528 -14.6506 0
54.0279 -1.57872 0
66.6733 -14.5705 0
52.177 -5.34356 0
59.0367 -4.60601 0
48.1309 -0.999813 0
55.8196 -5.03836 0
56.0891 -4.61445 0
57.4663 -9.44242 0
52.402 -2.20617 0
52.9613 -3.65758 0
53.4915 -3.37829 0
50.904 -3.33145 0
47.7029 -2.20028 0
58.7674 -9.24877 0
55.5887 -9.76801 0
67.0311 -13.6476 0
55.7312 -6.93163 0
61.7934 -16.7481 0
49.069 -1.07805 0
58.7779 0.134962 0
61.9886 -12.9972 0
52.993 -6.42408 0
50.2483 -1.54721 0
57.5691 -5.99386 0
53.9012 -8.09611 0
62.0538 -14.504 0
57.3468 -6.71236 0
53.1165 -10.7418 0
55.1606 -3.88068 0
45.6408 -3.83975 0
55.2129 -3.51799 0
51.8455 -1.88316 0
59.7339 -12.282 0
53.5319 -6.88302 0
58.9589 -5.36378 0
54.173 -7.45123 0
56.3551 -2.28346 0
55.4587 -6.95606 0
52.731 -9.0289 0
55.1306 -1.08861 0
50.3028 -1.81508 0
62.7481 -6.54541 0
49.0278 -1.71196 0
71.8968 -26.506 0
73.5691 -21.6796 0
51.8652 -4.06236 0
48.3103 -1.33494 0
66.1572 -15.2146 0
51.8094 -5.82664 0
51.6914 -6.22804 0
59.8042 -13.1955 0
52.2118 -5.82294 0
58.9595 -5.40387 0
53.7178 -0.202598 0
60.6819 -9.81657 0
47.9409 -2.00843 0
49.8656 -1.56801 0
54.3354 -7.66777 0
51.7581 -2.9977 0
67.5634 -12.0434 0
50.8642 -4.84333 0
51.3785 -4.15353 0
56.5354 -0.337484 0
60.5444 -7.54891 0
57.837 -15.015 0
52.3528 -4.90134 0
50.2401 -4.45178 0
66.6457 -13.2914 0
53.4102 -1.98804 0
55.9349 -6.27971 0
59.8295 -5.23053 0
59.5409 -14.6434 0
63.4009 -16.0173 0
62.1125 -13.9428 0
51.0547 -2.84292 0
52.7677 -3.56279 0
66.3109 -15.4298 0
57.2755 -3.42941 0
69.1702 -23.0673 0
54.2824 -7.11497 0
51.0767 -6.9562 0
51.658 -4.44227 0
49.5258 -5.65803 0
63.1835 -14.556 0
54.6342 -15.1077 0
51.0119 -4.54913 0
62.814 -11.9859 0
50.2723 -2.81907 0
55.1526 -6.78727 0
58.5521 -3.59249 0
50.1028 -1.56654 0
52.7967 -6.61513 0
65.2403 -6.88339 0
49.4124 -1.06172 0
67.0527 -13.4325 0
54.1025 -0.633527 0
58.7407 -8.54689 0
56.6888 -2.88038 0
52.4683 -2.81703 0
54.537 -6.52883 0
58.5123 -14.065 0
64.4401 -11.6847 0
54.902 -4.51924 0
66.2928 -14.2643 0
50.7238 -1.56068 0
58.133 -3.59153 0
58.525 -11.4097 0
50.7571 -1.20591 0
53.7644 -5.66988 0
56.6496 -2.76291 0
50.6839 -1.01362 0
56.8195 -2.84477 0
61.3858 -3.89917 0
67.8412 -16.0477 0
55.4272 -8.23007 0
47.661 -1.87383 0
61.3331 -8.53749 0
54.9367 -3.34317 0
51.4726 -8.4876 0
52.581 -10.0007 0
64.1733 -12.297 0
48.3407 -4.89263 0
49.66 -0.713479 0
63.0534 -14.7163 0
64.1427 -9.08704 0
52.498 -0.97183 0
58.6483 -18.8021 0
67.1386 -19.8188 0
53.0551 -11.7811 0
60.5153 -8.48123 0
57.0443 -7.29606 0
52.1025 -2.0867 0
51.0418 -2.40539 0
61.1517 -10.799 0
58.4065 -6.23551 0
51.2777 -0.637661 0
57.5503 -6.21175 0
53.5321 -10.1477 0
47.8448 -2.00685 0
49.6106 -2.75206 0
54.6346 -5.46811 0
52.6041 -13.4786 0
60.9 -7.84459 0
57.4861 -3.02577 0
57.7304 -9.57464 0
59.075 -11.1677 0
51.7671 -0.963478 0
62.6698 -4.57755 0
50.1328 -2.49108 0
59.4003 -0.780791 0
58.0552 -10.7973 0
48.0221 -0.886867 0
22.1658 -17.7417 0
28.7565 -10.07 0
28.0425 -10.5872 0
25.0296 -12.9425 0
28.0016 -10.812 0
26.9232 -11.3352 0
22.5871 -14.7224 0
27.9241 -10.5265 0
30.3523 -12.7042 0
29.8336 -11.2003 0
26.5868 -15.0188 0
28.7516 -12.9624 0
26.5668 -14.8718 0
28.5435 -9.47898 0
22.3844 -16.2184 0
20.1557 -17.2691 0
27.4415 -13.6537 0
24.4338 -14.6434 0
26.9438 -11.3703 0
22.7819 -15.2874 0
23.245 -14.9927 0
25.0857 -12.9774 0
27.6257 -12.6608 0
29.2083 -10.4269 0
26.6323 -11.7173 0
25.7585 -14.1476 0
27.4687 -12.3902 0
28.4741 -11.3252 0
27.3846 -10.489 0
25.5215 -12.2139 0
27.7119 -10.2096 0
28.8758 -9.38573 0
27.0298 -11.7785 0
28.2578 -10.5041 0
29.8934 -9.46024 0
30.2596 -12.4154 0
27.8131 -10.2208 0
29.7846 -10.4717 0
27.539 -15.3405 0
27.3964 -12.1991 0
21.5186 -17.4701 0
28.0027 -11.0807 0
24.0886 -14.353 0
31.0163 -11.834 0
26.4923 -13.3027 0
26.7621 -11.5558 0
26.9396 -10.9874 0
23.5848 -14.1836 0
29.3678 -10.1837 0
26.2956 -15.5707 0
25.7105 -12.9591 0
26.8091 -14.2343 0
27.9921 -10.5719 0
30.0457 -9.60781 0
28.0115 -10.6131 0
31.1273 -13.9648 0
25.0123 -12.876 0
30.6733 -13.7242 0
27.7512 -12.8359 0
26.4703 -12.7877 0
22.9263 -14.4915 0
25.9662 -12.1453 0
30.9467 -9.39159 0
26.5153 -11.9506 0
29.9239 -9.61136 0
27.2357 -12.2721 0
26.3905 -11.4362 0
26.5838 -13.5112 0
25.0985 -15.7958 0
22.5564 -15.4369 0
27.3894 -12.6828 0
26.818 -10.9635 0
29.4058 -10.019 0
29.5864 -9.04392 0
27.1444 -12.3865 0
26.3496 -12.085 0
26.4855 -12.8109 0
33.5341 -12.8987 0
30.0009 -9.22252 0
27.5221 -10.7063 0
27.8034 -12.5796 0
25.0208 -13.1798 0
27.8237 -13.43 0
27.1902 -12.1444 0
25.7503 -13.6626 0
28.2318 -10.1091 0
25.5569 -11.9606 0
30.7197 -8.77725 0
28.0515 -13.3051 0
29.9293 -9.49648 0
26.3202 -12.1089 0
28.9613 -9.41616 0
26.3023 -13.4547 0
27.3196 -11.2202 0
28.4785 -10.2178 0
29.2263 -12.4991 0
24.1445 -13.3211 0
27.6513 -11.7822 0
26.4694 -12.2039 0
23.2447 -15.8054 0
23.6184 -14.0714 0
29.3189 -10.8454 0
29.2474 -11.6035 0
30.7233 -11.6366 0
25.5166 -14.8476 0
29.2962 -10.8745 0
29.1495 -11.2956 0
27.3315 -10.9054 0
26.1913 -11.9365 0
25.5918 -13.828 0
26.6729 -12.6659 0
28.2834 -9.6829 0
23.8571 -13.8559 0
25.8525 -12.8271 0
26.0588 -14.8675 0
28.7471 -10.4453 0
28.2358 -10.4786 0
28.1038 -10.4336 0
25.8214 -12.1005 0
23.7211 -13.958 0
29.5367 -16.7979 0
26.8807 -12.4814 0
28.1757 -13.9441 0
28.2896 -12.8456 0
24.3362 -13.0522 0
27.4394 -10.8143 0
27.903 -11.1475 0
26.9447 -11.4915 0
24.5976 -14.1742 0
26.8294 -11.1333 0
26.0004 -16.1006 0
25.5966 -16.8932 0
30.932 -12.471 0
26.4037 -11.2672 0
30.6094 -10.9451 0
26.3086 -12.4501 0
30.516 -10.9092 0
22.8392 -15.0574 0
24.4967 -15.9505 0
27.1267 -12.8759 0
26.0359 -15.3113 0
26.3008 -12.6623 0
24.2545 -13.2851 0
25.0449 -13.8747 0
26.4017 -13.307 0
26.1259 -13.0768 0
28.9133 -11.2435 0
26.4407 -13.1831 0
26.2884 -11.6657 0
28.9608 -11.8612 0
29.182 -10.8445 0
22.9499 -17.8267 0
28.0304 -14.035 0
27.9726 -11.9568 0
30.2683 -14.5821 0
28.9838 -12.1548 0
29.5736 -8.7683 0
23.2042 -14.0032 0
31.8995 -13.8935 0
30.1505 -9.33499 0
26.6444 -13.6606 0
27.8485 -10.3779 0
24.6172 -13.0399 0
27.6098 -10.7094 0
30.2896 -9.10091 0
23.0823 -17.8396 0
24.8762 -13.6416 0
29.2078 -9.80548 0
27.9346 -10.9767 0
26.3869 -14.8941 0
27.7547 -10.8845 0
26.2194 -14.2638 0
23.6409 -13.7923 0
32.8197 -11.0117 0
25.4007 -13.1317 0
30.0128 -10.4501 0
28.6631 -10.7774 0
25.1337 -15.2739 0
23.5689 -14.8427 0
26.7136 -10.9931 0
26.3852 -15.5248 0
27.3486 -10.569 0
28.0885 -12.4153 0
25.5171 -11.9201 0
26.0079 -11.8933 0
29.2098 -10.9418 0
28.3194 -9.82176 0
24.601 -13.1844 0
27.2927 -15.426 0
29.498 -9.34673 0
31.2742 -11.5351 0
24.2055 -14.416 0
26.0697 -12.3989 0
23.181 -14.6928 0
25.4029 -12.4858 0
31.2637 -9.02212 0
25.8756 -11.5993 0
26.17 -11.5448 0
27.4955 -12.5348 0
27.8509 -11.5304 0
27.8378 -11.1027 0
29.3231 -13.4156 0
21.5834 -18.5526 0
26.1888 -18.0004 0
25.5644 -15.5465 0
27.4674 -12.542 0
27.4728 -10.6959 0
25.5451 -13.6243 0
28.4279 -10.4508 0
28.8068 -15.2382 0
29.3602 -11.22 0
27.0592 -13.2009 0
27.2744 -15.2949 0
28.2029 -12.666 0
23.0542 -15.1983 0
23.621 -14.6044 0
30.4971 -10.2388 0
25.5197 -15.6117 0
27.6847 -11.8955 0
22.107 -17.4634 0
23.9393 -14.9025 0
25.5048 -14.3847 0
28.4674 -12.1509 0
30.4512 -11.0487 0
30.8372 -13.9177 0
27.4607 -15.392 0
27.4375 -10.84 0
25.0808 -13.0562 0
27.6618 -11.6947 0
30.5328 -10.3735 0
26.8633 -14.6204 0
26.3349 -15.4034 0
28.9754 -10.3573 0
28.1731 -12.0763 0
29.2531 -10.7391 0
27.7176 -11.6671 0
27.7791 -11.7116 0
30.2441 -12.7081 0
26.1579 -15.9922 0
26.9121 -13.5149 0
26.0998 -11.465 0
28.0602 -10.3049 0
26.2407 -14.6808 0
32.2989 -9.7719 0
23.7338 -14.9076 0
28.4993 -14.1105 0
22.9846 -16.531 0
26.3765 -13.3598 0
24.7753 -12.5348 0
25.178 -13.8806 0
26.4875 -12.5901 0
25.9017 -12.4339 0
27.0995 -13.3161 0
28.1197 -11.8619 0
28.8654 -10.7417 0
27.951 -9.95997 0
30.6659 -13.0555 0
31.0617 -11.8068 0
0.1952 -8.08853 0
0.997178 14.295 0
-3.33042 -8.00097 0
-1.80677 24.2468 0
0.640485 -5.61318 0
-0.461917 -6.70431 0
-3.05548 22.6636 0
0.0400328 11.8041 0
-0.483358 2.23753 0
-0.741717 15.4616 0
-3.5767 -6.18242 0
-3.05759 -5.44155 0
-1.86186 12.4787 0
-3.31606 8.398 0
-2.83418 -30.9668 0
-1.78522 -2.4891 0
3.36448 13.1927 0
3.75649 -0.280063 0
3.04247 -2.34889 0
0.948551 5.55391 0
-0.415102 -8.91607 0
0.444067 -1.96453 0
0.0296153 -11.7701 0
3.00163 -3.24807 0
1.92323 -5.34098 0
-2.41286 -18.8896 0
0.543145 13.1728 0
1.84387 -1.12259 0
2.92411 -2.10608 0
-2.43388 3.60688 0
5.35227 -10.817 0
4.83361 -4.80121 0
-0.339117 1.78549 0
1.58679 -20.0754 0
-2.59011 5.94997 0
-3.88063 0.711977 0
3.75161 -11.8495 0
2.40494 7.04031 0
1.3408 10.1495 0
-0.608262 -3.90174 0
-0.740554 -0.00992249 0
-2.53481 -0.898805 0
1.56679 -19.4873 0
2.76306 20.6285 0
-3.35977 5.50595 0
4.11535 17.9036 0
3.54354 2.08408 0
-2.61557 -24.8737 0
1.90396 3.07191 0
-6.53096 -8.06161 0
-4.84427 -29.0762 0
2.44149 -14.6147 0
-0.61462 4.27145 0
-4.11055 13.9971 0
-4.90764 -5.06478 0
-0.0651685 -2.98446 0
4.39607 16.9971 0
-0.566246 -18.5735 0
-4.68081 4.96266 0
3.77142 8.89982 0
-0.304866 12.2406 0
1.94377 -5.48119 0
-2.21808 -21.1496 0
0.344788 -6.70441 0
2.57494 9.85049 0
-1.75501 -19.9708 0
0.679399 -2.25031 0
0.734849 4.93997 0
0.374853 7.37936 0
-1.46496 4.3993 0
-3.51489 7.64846 0
0.0856608 -11.9095 0
3.38823 13.5783 0
-2.41197 -8.10551 0
2.62573 -10.6432 0
-5.99216 4.63159 0
0.172227 4.75198 0
4.20835 -1.70766 0
1.63228 -6.86925 0
1.8212 4.31553 0
2.9741 13.6104 0
-2.70809 20.9762 0
-1.71163 11.1164 0
-0.299815 -0.954599 0
-1.66705 10.8705 0
-1.6662 -5.5122 0
-0.346642 -1.29503 0
0.758472 -16.5905 0
2.46866 -9.561 0
0.679056 0.909852 0
-3.5216 -8.41866 0
-0.739115 17.0124 0
-2.07629 12.6923 0
3.47406 -5.30095 0
2.38465 -1.95605 0
0.521496 -8.85563 0
2.71186 -0.83836 0
3.87584 2.45708 0
-0.403149 -2.3969 0
-0.357325 15.9016 0
0.047772 2.1409 0
-5.40338 5.33972 0
-1.66575 0.959915 0
0.115534 8.24565 0
2.02982 -7.11388 0
-4.62045 7.45329 0
3.29149 7.72777 0
0.742454 -4.63154 0
3.25777 -2.01647 0
-3.98658 -15.9992 0
-1.95453 -5.77783 0
-0.934033 -1.05509 0
1.25724 -3.13772 0
-0.373509 22.1311 0
0.3651 0.763331 0
-1.69468 10.6471 0
4.89343 2.15902 0
2.15264 -1.50846 0
-3.05616 0.323105 0
-0.840025 9.74988 0
-5.39196 9.84281 0
5.25957 -9.66141 0
-0.0824657 -4.6712 0
-3.91771 23.3486 0
-1.66066 -10.9226 0
2.81309 -0.883142 0
0.940253 -3.96137 0
-0.293902 -4.16184 0
-1.04869 21.805 0
4.78456 -1.88681 0
2.53899 -21.362 0
-2.1509 13.8697 0
-2.10933 -4.77898 0
2.08264 0.88022 0
0.319611 6.2418 0
0.53543 9.38294 0
-0.544407 -7.24345 0
6.62955 16.2342 0
2.39637 -8.79644 0
-4.38466 2.01932 0
-0.980169 -10.0771 0
2.26785 6.03419 0
2.7657 11.6098 0
-3.48136 -29.8802 0
0.636773 -0.669402 0
-4.90253 -4.24284 0
3.00267 -4.32268 0
2.68192 9.57614 0
-0.91138 -17.4119 0
-1.07611 -7.95434 0
6.01633 -7.3358 0
1.49227 -13.2109 0
1.76207 -6.22338 0
1.53155 13.9245 0
1.93956 -3.94969 0
2.97607 13.817 0
-1.41522 -16.7342 0
5.67657 12.1209 0
0.547677 -2.17563 0
-2.01246 -8.15999 0
-7.46336 -11.5721 0
-1.89549 10.739 0
-5.61167 2.07883 0
-0.238803 21.9885 0
4.3678 -0.73491 0
3.39798 21.2631 0
-1.11842 -2.33136 0
-0.687553 -5.10841 0
-4.60444 -5.51583 0
-5.19828 -7.7832 0
-4.27103 -14.7469 0
-2.66598 12.8118 0
1.29565 -22.2826 0
-2.15895 -1.13425 0
0.710481 -11.8363 0
-0.955422 3.95202 0
0.159641 -0.270334 0
-5.29485 9.09761 0
-0.825973 -11.9735 0
1.80912 -16.9372 0
0.731725 9.73303 0
-1.28028 -7.30267 0
2.99214 -2.28747 0
-4.03382 -20.5999 0
-3.20088 8.23693 0
0.214544 -1.75791 0
-1.22 17.4408 0
1.46483 11.1821 0
-0.975663 -7.92097 0
-1.00571 -11.3289 0
5.04573 1.56876 0
3.0115 -2.45245 0
0.111465 -4.21797 0
-5.23824 15.2273 0
1.11532 0.668763 0
-0.839688 -3.56811 0
6.12729 -15.8591 0
-2.11915 -9.58143 0
-0.25204 -4.8338 0
0.0122717 -11.504 0
-0.45081 13.7117 0
-3.62431 2.18058 0
4.6719 25.9687 0
-0.695888 9.89137 0
-2.54197 9.86973 0
-1.41741 -10.3182 0
-4.063 -9.8914 0
-1.39627 -12.9344 0
3.42456 9.98741 0
-1.34658 -11.4619 0
-5.54651 2.25756 0
5.67328 -14.8967 0
0.0651734 -8.55028 0
2.75119 -11.3435 0
-1.04606 -6.29149 0
-0.173054 1.40718 0
-8.00036 4.7553 0
-8.55264 -13.6666 0
-0.12858 -7.60164 0
-3.41565 17.2925 0
-0.373158 -4.30488 0
1.47033 -11.1506 0
1.98508 10.0646 0
-1.10269 11.3514 0
2.35552 5.49081 0
0.614999 -1.7333 0
-2.07374 -17.9659 0
1.17794 4.52635 0
0.966181 -8.58139 0
5.94671 2.43365 0
3.34713 2.95407 0
-2.1934 -4.39667 0
0.260753 -0.762392 0
1.51534 -7.80239 0
1.03281 -4.39172 0
-1.53039 11.4037 0
0.76064 -3.96409 0
1.57067 8.93769 0
4.92391 1.55456 0
-2.05221 -9.42336 0
2.2357 -9.08831 0
0.654452 5.99664 0
2.12852 5.949 0
0.817676 4.57748 0
-2.53481 9.98201 0
-1.83837 -9.61381 0
1.39052 -5.74495 0
-3.88978 -7.49377 0
-0.659109 -0.154962 0
-1.54477 4.68011 0
1.58382 -14.0449 0
0.0985048 -23.1833 0
-1.59931 3.50248 0
1.28745 13.1429 0
-2.44361 -21.7477 0
0.977877 25.0547 0
-2.48583 1.61153 0
-4.69276 -7.27589 0
1.35205 -0.81925 0
0.236768 -1.75196 0
-2.1174 -12.0211 0
2.38943 -10.7313 0
1.818 -3.85384 0
4.40578 -0.0761041 0
-2.39887 4.27882 0
4.58638 3.82433 0
-0.316347 -3.69716 0
-1.6619 -9.82715 0
-4.41603 -3.17809 0
2.14444 -9.54611 0
3.89278 29.3741 0
1.34956 -8.34011 0
-1.5351 25.0966 0
3.31332 7.16824 0
-0.0243522 -5.68443 0
-5.0414 -14.3852 0
-2.23749 -3.56007 0
1.48548 -11.2436 0
8.53413 -11.5948 0
5.00089 3.10992 0
2.52206 -2.82522 0
0.653273 17.992 0
-5.42597 9.17076 0
2.80336 -10.3182 0
-2.71127 -12.0207 0
-3.18442 -1.59595 0
0.0207746 -12.7191 0
1.10535 3.18446 0
1.88631 8.4389 0
-0.746739 -6.92104 0
0.178242 13.2778 0
2.8237 -13.72 0
2.1902 -8.57769 0
-1.2145 0.230736 0
-0.941831 16.8391 0
-1.16948 -2.05551 0
-0.814771 0.493938 0
0.750254 -14.6505 0
-2.98742 -5.80945 0
3.23182 -0.436518 0
0.556877 -7.84242 0
-1.89333 4.0317 0
1.98228 -1.84663 0
0.338443 1.03762 0
-1.92005 2.0684 0
0.155997 -8.10303 0
-2.41529 12.3541 0
-0.568976 9.3945 0
0.534736 -7.00204 0
-1.32687 -9.05414 0
-5.52482 5.54096 0
1.532 -1.37916 0
5.71966 4.89098 0
0.0164983 -0.129234 0
1.62458 -2.87214 0
-0.993102 6.8543 0
3.05153 -13.2204 0
-4.84269 -5.7246 0
4.92929 2.0141 0
1.34371 11.0479 0
-0.00410529 -3.07266 0
-5.27392 0.534772 0
-0.777395 14.6524 0
-0.450098 20.0512 0
4.89521 7.23151 0
-0.416742 0.968678 0
1.19775 9.71536 0
-3.13173 1.60281 0
1.09572 -2.81806 0
-1.57052 1.69843 0
-0.986919 -8.71905 0
-4.11012 -12.6333 0
-3.7923 -5.43652 0
1.32018 -8.43565 0
3.49521 21.195 0
2.88929 2.89989 0
-1.91416 -0.346019 0
-4.26383 4.87768 0
0.686169 14.0571 0
-0.51263 3.95168 0
-0.884543 11.0188 0
-0.520851 -3.78019 0
-1.84221 -3.72219 0
0.445535 1.20616 0
0.235143 3.46534 0
3.96127 2.33538 0
-4.89406 5.54772 0
0.0762075 -1.66233 0
-2.44202 -9.23912 0
1.30235 -13.8188 0
2.31958 -4.88085 0
-0.97671 11.7383 0
0.194521 16.8311 0
0.656597 -1.41607 0
3.35875 20.7964 0
-3.64157 -0.495068 0
-1.09323 -5.02767 0
-2.7709 -6.03079 0
-0.811369 6.55334 0
-0.760286 -1.11616 0
1.00322 5.62427 0
3.47853 -0.871103 0
-7.83965 -7.67067 0
2.90188 1.60835 0
-0.150912 8.87036 0
0.899095 21.1586 0
4.22625 -9.99655 0
-0.855479 -13.2844 0
-0.385591 -0.717454 0
-0.709393 10.4394 0
-3.03988 -1.53101 0
1.83539 19.5727 0
-0.377917 11.3938 0
2.65127 -7.12874 0
4.76883 13.6196 0
3.1449 6.30539 0
-3.66055 6.57772 0
0.665014 20.6021 0
0.301288 11.4654 0
-0.893517 -7.45622 0
0.237679 -2.76218 0
-0.363389 -1.83093 0
-2.0561 -5.31961 0
0.483989 -0.720112 0
1.46944 -8.81566 0
-4.0032 -7.18322 0
-1.7553 -23.2214 0
1.2317 18.2945 0
-1.38157 -16.2856 0
-4.09455 -8.63183 0
4.31891 -3.38156 0
0.937091 -3.84487 0
4.24738 -6.41382 0
0.21599 12.0122 0
0.464984 -2.33078 0
5.72328 -6.54659 0
-2.48384 -9.97491 0
-2.15477 15.9354 0
0.516589 -19.3904 0
-0.0757376 -0.416184 0
-1.49222 2.47363 0
4.29623 -3.49811 0
-0.230546 -0.61598 0
2.13574 10.0975 0
-4.58208 21.0733 0
0.596813 7.78443 0
4.14946 -5.18231 0
2.33153 -3.62176 0
-1.9568 11.8905 0
1.19132 -7.74592 0
0.591806 -15.3122 0
-4.03501 12.1218 0
1.67287 -10.6634 0
-7.8267 -8.20057 0
-1.85678 -1.20843 0
3.2834 1.26839 0
1.62318 7.74474 0
0.558165 -0.427419 0
3.64869 4.67879 0
-0.84453 16.7278 0
-1.14294 -15.4235 0
0.852468 -11.3083 0
-1.86123 15.8432 0
-1.66572 5.15375 0
1.05878 -19.4698 0
3.74707 -1.78124 0
1.17444 -2.90513 0
4.84668 12.1175 0
-3.18311 5.76293 0
-1.43799 -11.7627 0
-1.24347 15.6533 0
3.99937 9.46846 0
-0.111979 2.61745 0
-3.07683 4.50354 0
3.23584 -1.91425 0
3.10378 -1.73432 0
-0.926537 6.07079 0
-3.69341 -7.01126 0
1.47935 1.55523 0
2.77486 2.79456 0
-3.307 5.60687 0
0.213403 -0.153811 0
-2.17042 0.382186 0
-0.87516 5.17539 0
0.821355 -8.40214 0
-1.27887 -15.8318 0
4.53674 -27.1915 0
-3.87471 0.17951 0
1.15581 3.23909 0
1.88068 -9.92567 0
5.21451 19.2559 0
-3.2851 -2.98192 0
-2.6623 5.20335 0
-0.687543 -4.97887 0
-5.3113 4.14366 0
3.67579 9.7084 0
3.1757 -15.7764 0
-2.87595 8.50677 0
3.2896 -11.3826 0
1.38111 3.71581 0
-5.95054 -2.01328 0
0.491794 -0.25919 0
-0.663847 -12.2088 0
2.43937 -3.2574 0
1.89336 0.563298 0
-5.05743 -8.64303 0
-1.7637 0.0079275 0
1.25121 1.19409 0
0.748499 -3.6424 0
-0.909181 22.0638 0
1.034 2.84747 0
0.174637 -0.33908 0
1.01587 7.7484 0
-2.51332 -2.472 0
-2.45008 5.23424 0
-1.89757 0.0612839 0
2.99645 19.8274 0
2.82148 8.40179 0
-2.84236 -11.3035 0
-0.945056 22.4376 0
-0.146416 -7.47365 0
0.963001 5.24787 0
2.90299 -4.58981 0
-1.26722 5.61488 0
-0.205536 9.72073 0
-2.47098 23.7282 0
1.94471 -5.96592 0
-6.89321 2.38626 0
0.0202204 -3.28753 0
-0.402449 -16.697 0
-3.321 -5.6889 0
-1.8365 -2.37388 0
-6.10062 4.00146 0
0.825899 4.35672 0
-0.541584 -7.52695 0
1.82937 -4.53305 0
1.25648 1.62393 0
0.405982 5.02593 0
-1.13326 7.31748 0
-1.88174 -2.16634 0
1.08918 3.30359 0
1.00037 -24.4025 0
-0.59347 -7.34599 0
-1.42223 -13.284 0
-4.17424 -1.6098 0
-0.821884 0.0808817 0
0.596564 -27.5728 0
-1.49148 7.77885 0
5.93204 -9.88391 0
2.43018 -0.822144 0
1.40372 -5.06886 0
-1.14745 11.612 0
1.31197 3.852 0
-1.86841 -0.585663 0
5.60939 -3.78022 0
-2.82587 -11.3694 0
2.10045 11.2859 0
4.95684 11.9858 0
0.015321 -7.59028 0
1.30856 -9.80032 0
-0.617999 -10.0533 0
1.9371 4.06349 0
-0.0847699 0.698546 0
0.711869 4.13601 0
5.51596 -3.63672 0
-0.910601 2.994 0
0.298522 5.00482 0
0.00198188 -7.05479 0
-2.16076 -20.2297 0
0.140825 7.57344 0
-0.81435 9.75746 0
-3.05221 -2.65539 0
-0.0647974 1.96717 0
-0.503319 -23.8022 0
0.928953 5.52445 0
-2.84565 13.1584 0
2.12669 -11.5038 0
-3.9441 12.7028 0
2.4271 14.7032 0
1.03592 -21.2452 0
-1.24472 -2.75017 0
1.30084 -10.6492 0
-0.74548 -13.1404 0
4.81398 20.858 0
-2.48142 7.5227 0
0.809772 4.62322 0
0.0448774 -15.4989 0
-6.79787 18.147 0
-3.95796 -5.11549 0
-2.10053 3.28542 0
1.29385 -3.50064 0
0.0955465 -8.68168 0
-0.0384527 0.85361 0
1.40172 -13.228 0
0.69864 11.0994 0
0.388808 5.91739 0
-1.75281 -14.7737 0
1.5177 -3.70615 0
-0.43358 12.4151 0
-0.478562 12.9434 0
1.12588 -12.3073 0
0.654361 -0.447916 0
2.36712 15.9975 0
3.91333 -4.9739 0
-2.94069 -5.75194 0
1.44073 -12.7325 0
3.02937 19.3867 0
-0.726284 4.69775 0
-0.445309 14.9883 0
-4.86746 4.23513 0
1.28844 -6.6629 0
3.96079 -7.44494 0
-2.82707 3.40987 0
-3.85588 -4.57175 0
4.18196 -3.37812 0
1.1697 14.5948 0
-0.106855 2.23266 0
1.93619 6.49271 0
0.317098 13.1336 0
-0.302107 -7.42713 0
-2.05014 -31.3068 0
-2.66586 6.69147 0
3.03044 -16.14 0
-3.82804 2.36722 0
-1.93648 4.76527 0
2.97263 -7.8272 0
-0.90544 9.32614 0
-1.29558 16.5978 0
1.94611 2.38725 0
5.26832 -18.3283 0
2.52438 8.54295 0
-0.153995 -0.922183 0
-0.874529 17.1849 0
0.618408 -5.9689 0
-0.104046 -0.30295 0
-4.84761 2.06636 0
3.98384 -8.61907 0
-2.49373 -9.93535 0
-1.63665 22.8931 0
-0.582695 1.85994 0
3.00305 0.86396 0
-1.60345 16.9895 0
-0.961216 3.74836 0
-0.845391 17.2757 0
-2.15796 -16.3782 0
-4.07139 -5.52627 0
4.57363 4.9268 0
-5.80536 -7.0212 0
-1.79581 -16.0128 0
6.89946 -15.5741 0
-2.20391 5.87775 0
-0.180028 1.93596 0
-1.3299 -8.2244 0
-0.457731 -1.45355 0
-0.690544 0.950714 0
-1.86406 -3.57407 0
2.86635 1.20515 0
5.15052 2.66006 0
1.64443 -14.6422 0
1.57635 12.5796 0
3.40491 19.0753 0
-1.78219 10.6051 0
2.84846 -1.51167 0
4.89318 7.34156 0
-0.382752 -12.1595 0
2.60984 -2.83757 0
-0.179364 -1.54237 0
-3.3211 -3.42192 0
-2.49914 16.905 0
5.28965 3.59638 0
2.21759 -0.60365 0
0.402087 11.6075 0
-1.91767 -31.3586 0
-0.217776 13.9141 0
1.40607 4.0129 0
-0.27904 -3.04114 0
1.63834 -3.24548 0
-1.5077 -11.0836 0
-1.25692 -4.37294 0
-0.123767 -14.5663 0
5.1991 13.435 0
-0.354019 2.62639 0
4.20777 0.778086 0
2.93457 -3.90684 0
-1.22021 9.27833 0
-3.45469 5.20938 0
-2.30978 -9.76806 0
-0.415582 0.30483 0
1.38693 -19.5762 0
0.583844 15.8451 0
0.866336 0.940571 0
0.301541 1.78214 0
-0.930548 -7.36883 0
-0.945048 -2.08341 0
2.75471 -3.53817 0
0.987921 -2.05052 0
3.51426 2.74468 0
1.21942 -17.0553 0
-0.0865048 -7.65663 0
0.724972 11.5572 0
5.29876 13.9808 0
-2.10891 5.2807 0
-1.35913 -15.1692 0
-3.15832 -16.4405 0
-2.17976 -3.94768 0
0.424608 -6.28208 0
-0.704515 4.38289 0
7.81967 -4.04676 0
0.400704 -12.5269 0
2.42884 4.79102 0
0.24217 -1.66697 0
1.80788 19.5808 0
5.01281 -1.80039 0
3.6631 -3.10958 0
0.133693 -21.0957 0
-0.768164 -0.0164212 0
2.76198 5.37484 0
0.503525 19.7172 0
-1.43115 -19.3708 0
-3.30509 12.2061 0
1.71358 -3.97241 0
-0.718035 6.49831 0
-0.0323084 0.065993 0
1.22275 22.8786 0
-0.344789 6.12799 0
1.38524 -22.0993 0
-2.26354 -5.30748 0
-1.75051 2.13894 0
2.34862 -2.2759 0
3.08852 -9.66114 0
-2.02576 0.623988 0
0.517101 -7.68021 0
0.259406 1.35377 0
-0.461658 7.92912 0
1.00792 -7.5733 0
-1.9606 2.22751 0
-0.109129 12.9273 0
-1.45236 -11.9497 0
-3.66262 3.00102 0
0.123484 -3.25908 0
-0.513878 -4.67794 0
4.20978 -3.76732 0
0.0576839 -4.85798 0
-2.14442 8.76082 0
-3.43 11.2948 0
3.31945 0.712968 0
-1.73026 -2.98696 0
2.10973 7.54525 0
0.796115 4.42138 0
-3.17978 0.0830983 0
-0.398987 -12.7377 0
-3.00518 -10.8451 0
-2.57956 11.2135 0
2.29269 -21.7039 0
4.498 2.61309 0
-0.706305 10.0882 0
0.777479 20.0036 0
-2.81089 5.9419 0
-0.890016 -8.94998 0
-3.59631 -20.1656 0
-1.42111 -0.0974088 0
1.79206 13.2533 0
6.27415 -6.14041 0
-2.08503 5.39825 0
7.34352 15.5711 0
-2.38653 8.57778 0
-0.794521 -17.6641 0
-2.45679 -6.64761 0
-0.92429 -1.26539 0
0.956084 18.3455 0
1.0697 -9.59547 0
-0.019026 17.6231 0
-0.96346 7.27202 0
-2.68284 9.5577 0
-3.00528 -8.46962 0
-0.43799 0.947073 0
-0.204813 5.4082 0
-1.81897 -18.771 0
0.402882 -9.94331 0
6.26368 3.91151 0
-5.43692 -9.77443 0
3.28571 5.14981 0
0.875621 -6.39726 0
-5.79581 0.394019 0
-3.51122 6.33528 0
1.17003 -6.17909 0
-0.0387406 -2.63643 0
-1.87344 -15.5591 0
-1.43624 5.56209 0
-2.40345 -7.35349 0
2.4955 -10.1393 0
1.14437 3.2707 0
1.48725 8.51409 0
1.49916 2.61781 0
-2.27208 8.94278 0
-2.35584 -8.20883 0
0.388641 19.6956 0
2.23442 6.28268 0
-0.991023 3.04256 0
2.85094 -6.12155 0
-1.09793 4.13124 0
-1.9506 6.06137 0
-0.190598 1.04301 0
-1.09917 -8.77361 0
0.738518 13.3885 0
0.608413 23.7869 0
-2.14535 3.86472 0
1.13159 4.71175 0
-4.49148 -8.29495 0
-0.433325 2.46 0
1.3727 9.42208 0
2.83784 -4.41074 0
2.51615 7.94031 0
-2.78766 5.88131 0
-1.07622 -1.49263 0
4.32312 -13.6626 0
-1.90041 -0.514319 0
-3.41665 -34.2105 0
1.18883 -32.0015 0
0.351795 -0.692215 0
-1.57287 -4.18424 0
-2.83588 11.0048 0
-2.13757 0.260694 0
-3.72419 22.6931 0
0.564389 -22.1861 0
-2.86547 -5.38633 0
2.49685 13.6983 0
-3.2336 -5.58509 0
-2.47285 -16.252 0
-2.57955 -5.66965 0
2.46743 -10.1679 0
2.47284 -2.78355 0
6.49218 18.6876 0
0.545145 -14.4972 0
3.42792 -1.80324 0
-2.87601 0.049087 0
-1.20845 -1.00816 0
-2.39536 -8.47661 0
-0.892027 -3.35875 0
0.167191 4.46127 0
3.80682 -20.9529 0
-1.05449 0.44586 0
-0.613113 12.046 0
0.392189 20.1829 0
-2.83221 -4.02284 0
-1.98024 -3.90265 0
2.79552 5.85934 0
4.36019 -4.87999 0
-0.439478 0.858176 0
2.05923 -12.8035 0
-5.14996 -16.1353 0
-0.571869 11.9686 0
-1.82567 -5.12112 0
2.43326 2.9269 0
-4.23429 7.23649 0
-2.99337 -3.30389 0
2.2744 -21.1794 0
-0.0675836 0.638563 0
0.988004 -3.82169 0
-2.95907 2.84193 0
-0.283562 -8.63581 0
-5.57066 5.18259 0
3.20295 -10.6639 0
-3.68672 -17.0841 0
-1.9458 -20.7931 0
-1.37896 -18.4178 0
-1.2771 -2.75021 0
-0.582839 -4.47367 0
5.31578 13.5919 0
-0.183728 17.4712 0
5.49713 -0.955214 0
0.519707 -22.4467 0
2.68474 -7.58196 0
-2.89303 -29.8534 0
-2.04 -8.04985 0
-0.543907 2.19071 0
3.03024 22.7063 0
-4.18356 -5.66089 0
3.45426 11.9043 0
-0.987421 7.75826 0
3.48113 6.12621 0
-1.55585 7.04827 0
-3.30273 5.96907 0
-1.83395 24.0653 0
-1.98858 -4.30445 0
-4.35297 -3.64552 0
2.39404 10.7277 0
-1.08067 12.0107 0
-1.06071 -19.6101 0
-0.16735 2.54709 0
-7.47005 -13.9254 0
2.90246 11.0628 0
1.50855 9.07139 0
-2.51928 -3.92068 0
0.50483 -17.5386 0
-2.19911 9.58547 0
4.05854 26.5182 0
-1.81086 -2.17763 0
2.34573 2.14172 0
1.56045 1.27844 0
0.220055 8.33054 0
-1.19475 -8.43733 0
3.46743 -8.60359 0
-5.34049 10.156 0
-0.471703 19.1382 0
5.45124 -4.19478 0
-1.04046 -1.17561 0
-0.990342 3.76101 0
-0.220786 11.2524 0
-2.73065 -6.64266 0
5.83716 -15.6708 0
-1.1678 -0.329863 0
-2.41535 21.0383 0
2.4607 -21.5679 0
2.43747 -3.3601 0
0.0807763 -12.2247 0
-0.377115 8.61057 0
0.539756 19.5737 0
2.66177 -6.77873 0
0.190833 1.4604 0
5.53277 -1.49404 0
-0.784431 5.02896 0
-0.263774 -3.73613 0
-1.44446 -7.81813 0
-3.99979 -15.9463 0
-0.504118 13.0311 0
-1.15789 2.96982 0
1.93194 13.166 0
1.86332 -18.4818 0
-1.77847 8.11929 0
2.06141 0.462136 0
0.239979 -6.66299 0
1.33493 -21.6135 0
0.535226 0.191088 0
3.97541 -1.4293 0
-0.599225 -1.61259 0
0.61427 15.5033 0
-0.20959 10.8474 0
-2.21391 2.08598 0
-0.489011 9.5386 0
-1.32524 13.8962 0
3.17308 -8.30515 0
4.2531 -2.95646 0
-2.10466 -14.0864 0
0.227463 2.71622 0
-2.39025 9.87464 0
-4.14762 3.03389 0
-0.323758 -1.38657 0
-1.37805 -6.66479 0
2.71763 -6.66821 0
-0.23865 -1.19926 0
2.77909 -6.84654 0
5.24406 -10.8324 0
3.40259 11.8964 0
1.07888 7.2848 0
-1.71731 6.52911 0
-0.426915 16.8334 0
1.18799 0.688906 0
1.1579 -23.9687 0
-2.66079 10.5029 0
-2.02638 -9.64789 0
3.39458 13.5529 0
-2.97738 0.342643 0
1.91211 -14.0596 0
1.09982 -5.85986 0
1.84484 1.49941 0
1.23499 2.9394 0
-0.562578 2.7176 0
-4.99269 -7.02005 0
2.46262 10.2998 0
-1.6761 1.37915 0
-5.28739 -8.87231 0
-1.3703 7.77508 0
3.06016 -1.21947 0
2.22496 15.0857 0
1.24066 -18.7232 0
-4.64336 -2.26498 0
4.24928 17.5843 0
-0.746115 -0.260674 0
7.29895 0.912386 0
-1.2662 -19.6306 0
3.49927 -16.4422 0
1.06786 -2.45848 0
-3.65368 9.76595 0
-7.26905 -19.3771 0
-2.0154 -26.1238 0
0.767978 7.61583 0
-6.21842 -10.4623 0
0.52102 14.1742 0
4.47591 16.4614 0
1.37649 -13.4391 0
5.15713 11.0522 0
-4.87183 6.26717 0
-0.224701 -10.1392 0
-0.00248062 -2.96222 0
-0.975436 -2.43305 0
2.53738 5.3632 0
1.76008 9.61975 0
-2.96237 15.0064 0
0.177994 -15.5225 0
1.48749 -10.3605 0
-5.01884 6.34715 0
0.446372 -1.35647 0
-1.2003 19.3344 0
-2.70424 21.4091 0
0.90172 -9.73551 0
-0.52652 11.6964 0
-0.280648 7.37547 0
3.2932 2.17258 0
-4.72239 -9.65145 0
-1.33525 7.69292 0
-0.812016 12.0065 0
-2.94252 0.118461 0
-0.491133 1.77627 0
-2.22902 -1.66041 0
1.38848 3.7942 0
-0.587223 12.1699 0
-0.0700158 15.0259 0
3.29818 13.4579 0
-0.622275 -7.14087 0
-7.74169 -11.3367 0
2.0995 -13.2642 0
3.11967 -7.44743 0
-1.36039 -12.2304 0
-1.5456 -14.3068 0
3.8654 -2.96687 0
0.559381 -1.93343 0
2.95103 0.160131 0
5.66589 -12.2219 0
-1.67608 -1.84767 0
-1.4033 2.56194 0
6.0617 -7.22707 0
-2.00024 -13.3217 0
3.57374 3.98871 0
-2.02213 0.780799 0
40.5474 10.7698 0
31.5045 15.7825 0
31.7503 13.7812 0
41.6431 8.3367 0
48.0704 1.23152 0
38.4948 10.3557 0
39.8253 7.46049 0
41.7005 3.55532 0
42.9966 11.6756 0
52.8429 2.47131 0
53.81 0.50797 0
46.7224 4.5829 0
41.0249 9.65744 0
52.0952 0.519665 0
53.5542 0.594794 0
45.7248 0.809773 0
48.493 1.01581 0
43.9504 2.34797 0
46.6916 6.66364 0
43.734 8.09615 0
49.4858 -0.533039 0
37.2912 16.482 0
43.7241 1.48872 0
40.1787 15.5247 0
51.0137 3.98404 0
49.1579 3.51463 0
46.5332 2.56984 0
37.1639 6.93183 0
29.4212 20.7114 0
41.0202 15.0861 0
43.1802 0.167914 0
46.3325 8.94314 0
41.0902 8.39895 0
44.815 8.76234 0
47.0081 3.99897 0
45.0219 5.46021 0
45.8438 2.05578 0
42.093 2.88652 0
42.7394 11.9639 0
42.4924 -0.996629 0
46.7456 3.467 0
54.1751 1.78748 0
48.2163 4.33116 0
42.4251 11.6923 0
33.1934 12.8403 0
40.8987 6.60833 0
41.1047 6.46698 0
49.8316 1.12276 0
37.395 11.4491 0
39.5226 7.45855 0
53.0679 0.31719 0
52.5043 1.3363 0
50.9826 4.48262 0
38.4527 10.9385 0
48.5128 1.5408 0
42.4038 -0.0799754 0
48.1457 -0.507637 0
44.224 5.88573 0
41.4535 1.96381 0
46.8272 7.77728 0
53.7254 0.894879 0
34.0162 15.3115 0
49.7147 0.796617 0
41.244 6.29007 0
51.9105 4.99568 0
52.5867 0.467413 0
42.4829 6.26569 0
39.213 3.09761 0
30.6568 13.6509 0
52.6073 1.37669 0
33.7727 14.6024 0
54.7079 2.07071 0
38.6337 8.23424 0
50.8406 2.09895 0
45.7911 4.6203 0
43.7117 6.98448 0
43.1342 16.1357 0
47.3098 5.85811 0
43.6995 10.1362 0
50.9237 -0.0188211 0
45.0852 8.64523 0
41.1866 10.8887 0
42.2797 11.8391 0
45.3853 12.5636 0
41.0374 6.2121 0
34.2123 15.3069 0
53.5963 2.58542 0
37.2873 17.3797 0
39.0227 7.12373 0
46.5202 2.10292 0
50.3044 -0.0768721 0
39.8107 2.64209 0
43.6011 7.37033 0
53.7309 0.515449 0
41.8959 3.52377 0
36.7522 11.409 0
43.0878 8.91101 0
52.437 4.68841 0
53.8617 0.413083 0
35.4964 6.99664 0
50.31 1.26297 0
39.9426 9.33066 0
45.9001 -1.03975 0
34.8413 21.5967 0
42.4838 6.46767 0
41.1999 5.14106 0
45.3158 9.46224 0
48.8786 0.867508 0
40.991 -2.33609 0
35.3121 9.74492 0
44.2478 8.49401 0
41.1604 7.20632 0
47.7575 5.53793 0
47.6138 4.0226 0
52.4568 5.93718 0
50.2574 4.45686 0
50.7251 -0.351379 0
40.8222 6.93935 0
44.7566 7.40648 0
52.3614 4.59189 0
46.2009 4.6856 0
47.2723 5.69918 0
47.3239 3.80268 0
41.1251 5.22517 0
45.5882 2.19674 0
46.3863 1.32913 0
41.5701 10.1651 0
32.8906 18.3293 0
47.1056 -0.631548 0
51.5336 0.383808 0
53.1551 3.0761 0
45.2721 1.30758 0
50.5115 5.94969 0
31.874 23.4401 0
31.0921 16.5737 0
47.2401 7.39896 0
51.3107 5.7413 0
37.6791 13.1276 0
39.6665 2.60044 0
48.5159 3.02655 0
45.3331 7.27963 0
40.6935 9.47212 0
37.3754 11.1831 0
49.0757 -0.23112 0
52.5848 1.98849 0
45.8035 1.49276 0
52.707 0.108378 0
49.5011 0.970741 0
47.1793 0.0919198 0
39.5242 6.97966 0
42.9261 6.2081 0
42.1753 -0.0245955 0
52.058 0.117546 0
50.5514 7.50547 0
50.1034 -0.0792408 0
44.432 4.11892 0
52.0387 4.91915 0
43.0978 8.73053 0
39.0445 9.76078 0
35.4397 13.7932 0
48.3085 8.5672 0
49.0186 0.385766 0
43.9417 7.68894 0
46.6572 -1.0965 0
27.069 21.2967 0
47.6881 0.0798105 0
37.4041 17.4009 0
49.9737 4.09349 0
43.534 0.40431 0
40.4975 10.3814 0
46.8321 2.41723 0
41.5501 7.12722 0
49.4568 1.16544 0
47.7039 2.6061 0
51.1292 4.45764 0
42.6145 0.428229 0
40.9742 7.56813 0
38.1809 11.9847 0
37.5913 17.0233 0
44.7737 4.03618 0
46.7109 4.67126 0
53.0671 1.85786 0
50.9 3.19338 0
43.5927 6.13616 0
35.6028 15.531 0
42.0851 6.84377 0
37.3883 15.0799 0
41.6404 7.75104 0
43.6818 12.9737 0
47.7345 6.67201 0
42.751 2.02941 0
35.8333 14.9731 0
42.0676 8.28389 0
50.8522 -0.163044 0
27.6553 16.6588 0
37.8714 13.7515 0
55.442 0.687856 0
41.6191 8.60817 0
37.1636 9.68538 0
50.2423 -0.34673 0
47.1926 0.681048 0
55.5088 0.58971 0
44.3304 8.62423 0
31.8055 11.5774 0
44.8904 5.90299 0
40.1762 6.97908 0
38.5492 5.66557 0
51.41 3.22513 0
45.641 6.60413 0
50.6965 0.0956574 0
49.2445 5.88501 0
37.5229 11.1739 0
37.4357 9.82899 0
45.1666 2.44419 0
53.9027 1.40803 0
44.8036 11.9717 0
43.6659 1.79508 0
38.0054 10.1342 0
46.089 9.5053 0
48.0619 1.76273 0
44.6353 0.984156 0
53.6373 0.951254 0
53.4166 0.984087 0
45.0355 3.61473 0
49.9365 2.1455 0
49.9679 3.93806 0
43.6895 1.59723 0
50.2595 0.0433321 0
45.7077 3.021 0
48.5126 3.10085 0
39.9917 17.2573 0
44.4299 1.77118 0
43.3182 -0.856402 0
45.6908 9.44432 0
41.933 3.94451 0
48.3326 3.59644 0
50.5303 0.166918 0
50.9325 1.74143 0
50.0324 1.72925 0
33.687 14.8837 0
48.7051 2.73869 0
50.3638 -0.114606 0
45.2109 6.1753 0
44.5574 1.94367 0
38.0246 16.0839 0
46.0176 7.91781 0
33.3962 15.1212 0
46.95 4.37776 0
45.1195 3.05184 0
42.9502 6.69589 0
31.4054 14.9457 0
42.8637 -1.51718 0
47.4865 3.65314 0
49.7308 2.03554 0
46.7156 3.82586 0
44.0044 4.34535 0
48.4199 3.09892 0
49.3641 -0.5269 0
43.4245 4.41563 0
52.2945 1.14763 0
40.9438 7.35793 0
48.1871 3.64317 0
56.6334 1.32396 0
43.4614 9.43561 0
44.9747 11.9572 0
48.4769 4.23609 0
49.4441 0.431452 0
47.563 3.41679 0
56.4657 1.35859 0
47.2323 1.46046 0
46.6549 3.73468 0
44.7193 5.43057 0
42.4956 6.28927 0
48.557 1.33856 0
46.7295 4.54825 0
38.65 7.24006 0
38.2005 6.1391 0
41.2639 12.0729 0
38.5717 18.1005 0
42.9097 3.53214 0
47.2858 3.82926 0
32.3246 7.94378 0
46.1877 0.820305 0
49.3666 0.573494 0
42.6072 8.30856 0
46.0702 4.44112 0
40.8757 8.43033 0
40.4688 8.77017 0
50.7787 0.149564 0
40.3022 12.9412 0
38.3608 15.7972 0
46.1517 2.79057 0
39.0396 10.2331 0
43.5656 -0.476738 0
45.588 0.391802 0
55.3431 0.592992 0
40.4558 11.1034 0
48.3388 1.49554 0
46.7507 5.94524 0
40.8937 9.46928 0
43.3703 2.81606 0
45.6241 -1.0531 0
45.252 1.97843 0
42.7379 5.92098 0
37.2978 10.762 0
49.674 3.06268 0
45.7083 7.80612 0
37.1771 11.4743 0
50.142 -0.28714 0
32.5859 14.9506 0
48.2687 0.895188 0
51.5 2.74132 0
36.8028 10.819 0
46.6608 1.95547 0
37.1332 11.5589 0
49.7194 6.7166 0
44.2735 2.57147 0
48.4981 1.23473 0
48.8386 0.178626 0
51.1614 2.88436 0
51.7356 5.53096 0
42.1736 9.97385 0
38.8463 15.8447 0
41.2123 6.19834 0
53.0787 0.959433 0
48.2289 8.64321 0
36.2325 10.1232 0
51.1684 6.28881 0
51.9896 1.1504 0
42.0376 8.45551 0
39.9628 9.63868 0
48.1391 3.82326 0
44.1158 13.1494 0
47.8852 1.59709 0
52.4089 3.53666 0
42.5503 5.66372 0
43.8679 1.21255 0
49.491 -0.0806569 0
39.1553 11.5672 0
49.9416 1.27742 0
48.9463 1.46855 0
50.5238 4.4282 0
42.3006 8.64945 0
43.7982 13.6043 0
44.7645 2.21872 0
46.3907 2.58442 0
58.3785 2.70644 0
48.3062 5.09747 0
37.3632 15.0661 0
54.8072 2.29367 0
54.7872 0.413428 0
49.471 -0.557226 0
48.126 5.74503 0
36.3483 14.2355 0
39.0031 6.24345 0
44.8785 4.06375 0
49.9304 0.0234985 0
34.6087 16.9716 0
45.4043 4.06823 0
47.2485 0.262005 0
53.2698 0.0664694 0
49.2209 1.13712 0
44.0426 5.25294 0
47.0377 0.175099 0
40.7403 9.02129 0
45.2903 -0.489499 0
55.6392 0.338818 0
42.2674 4.64296 0
39.5625 5.51328 0
51.8299 2.8598 0
46.1251 6.80934 0
47.4196 3.67749 0
40.2189 6.06014 0
51.3097 5.03438 0
42.3367 6.59883 0
36.3376 14.6317 0
23.7108 21.9677 0
43.8007 2.18545 0
41.8468 10.6012 0
44.6978 2.31843 0
44.1077 16.1762 0
42.227 4.34215 0
37.6411 13.5916 0
37.468 12.3904 0
44.1562 4.43398 0
41.3224 4.82138 0
49.019 0.355465 0
46.0141 3.66105 0
51.6301 7.20252 0
48.6545 5.95868 0
43.0284 1.96485 0
45.0381 2.89461 0
48.4821 3.11498 0
44.9988 7.04907 0
49.1956 2.90747 0
42.0483 4.68036 0
36.2827 14.1387 0
47.1098 6.00927 0
47.1412 1.43752 0
46.2926 2.12783 0
44.3214 2.88066 0
49.1249 0.598728 0
41.0092 9.94807 0
33.5312 17.1745 0
45.7447 1.19621 0
47.4495 4.12017 0
47.9475 1.42364 0
44.2732 7.60679 0
46.1305 7.37611 0
43.8601 2.15931 0
50.7393 -0.237314 0
40.1867 5.73117 0
31.2586 13.327 0
42.0268 11.4151 0
41.2947 17.7649 0
53.6937 1.16583 0
29.7992 14.4343 0
46.9486 3.25881 0
48.9411 -0.435246 0
41.0115 8.043 0
35.939 14.4842 0
47.8054 6.10988 0
49.0811 0.291839 0
41.0956 8.01779 0
49.6335 3.78856 0
41.8792 2.08553 0
49.4988 0.401442 0
45.8985 -0.101711 0
42.3977 -0.309395 0
44.0864 13.3427 0
37.46 12.1665 0
54.5477 3.23258 0
48.061 1.15555 0
36.0033 18.1343 0
43.975 10.8325 0
43.7939 4.7592 0
48.0984 6.78474 0
43.8982 3.85569 0
43.4352 1.8552 0
31.6143 15.6355 0
44.0646 9.25123 0
40.7075 7.68601 0
48.0729 1.67388 0
44.1844 9.84828 0
44.6179 7.45645 0
41.6431 5.18455 0
34.0193 21.5477 0
50.1297 3.17374 0
50.1902 2.0083 0
44.2373 6.01973 0
39.0268 3.3546 0
36.0731 13.1353 0
56.8166 0.919831 0
46.6313 1.94368 0
41.8515 7.76308 0
33.3553 13.0919 0
43.618 5.79262 0
36.4757 14.1603 0
49.0969 1.16345 0
54.9555 2.87865 0
45.8755 2.98239 0
40.3885 8.81375 0
47.0754 1.26778 0
42.0073 10.6392 0
42.9807 4.45138 0
51.1226 1.7896 0
50.241 0.514696 0
53.8134 1.81794 0
39.4195 11.3483 0
42.147 7.48603 0
46.96 -0.104446 0
42.88 6.36633 0
39.196 8.83942 0
55.0937 0.940314 0
48.2306 2.07338 0
41.3032 5.2523 0
44.9256 -0.810887 0
43.9442 10.7903 0
45.5846 5.89376 0
44.1533 3.37559 0
37.7419 11.5448 0
50.3468 1.32878 0
40.6664 5.50233 0
42.7619 11.9505 0
50.2334 2.36584 0
48.7812 2.94616 0
47.6736 1.51314 0
44.4168 8.99878 0
47.8406 -0.219915 0
43.5125 4.49906 0
53.0201 1.31548 0
40.8499 12.1985 0
40.4998 15.3951 0
54.4892 5.82701 0
40.4911 4.27831 0
45.1306 5.9059 0
40.2981 10.3465 0
41.4569 14.7658 0
45.7788 11.4424 0
42.1191 0.9504 0
47.9762 5.57731 0
44.4054 8.02109 0
37.2551 8.45788 0
41.9588 0.902261 0
35.4209 12.7558 0
32.8886 13.1477 0
41.3208 7.85846 0
44.5633 4.99183 0
50.7746 3.8685 0
43.5955 4.46613 0
40.8996 7.87391 0
48.3925 0.901338 0
48.282 3.65684 0
40.9418 8.14857 0
39.277 10.5262 0
42.7615 11.8152 0
54.8282 0.65758 0
51.9633 2.20898 0
47.1924 0.806374 0
49.682 5.34606 0
25.1952 -12.0221 0
25.9972 -6.42626 0
21.6696 -12.0002 0
23.1932 -3.9383 0
25.6405 -11.4033 0
24.5381 -11.6761 0
21.9445 -4.33411 0
25.04 -7.04897 0
24.5166 -9.44062 0
24.2583 -6.1346 0
21.4233 -11.5456 0
21.9424 -11.3604 0
23.1381 -6.88033 0
21.6839 -7.9005 0
23.2148 -10.6223 0
28.3645 -6.70182 0
25.9486 -8.61152 0
24.5849 -12.229 0
25.4441 -10.4911 0
25.5431 -6.7068 0
26.8439 -10.2806 0
22.5661 -9.09828 0
24.6609 -9.55363 0
22.4099 -8.51251 0
21.1194 -9.82201 0
27.4049 -8.23992 0
26.3408 -7.46262 0
24.3917 -10.9754 0
24.2594 -10.0025 0
22.4652 -10.2247 0
27.7631 -4.84287 0
21.6402 -8.62351 0
29.1153 -5.52409 0
26.904 -9.23202 0
18.469 -12.0154 0
24.3854 -8.93214 0
20.8895 -6.50073 0
20.0924 -11.2662 0
25.2281 -2.70105 0
24.9348 -10.7461 0
29.3961 -5.75072 0
20.3192 -8.75934 0
28.7714 -7.77504 0
24.6951 -6.93984 0
25.3448 -11.6761 0
27.5749 -7.53738 0
25.6794 -10.5626 0
25.7348 -8.76501 0
25.3749 -8.15516 0
23.535 -8.90018 0
21.4851 -8.08789 0
28.3882 -6.60542 0
22.588 -12.0264 0
19.0078 -8.8421 0
25.1722 -8.81201 0
26.8212 -8.92112 0
27.9741 -6.59741 0
22.2919 -4.75594 0
23.2884 -7.22091 0
24.7002 -10.2386 0
23.3329 -7.28237 0
23.3338 -11.3781 0
24.6534 -10.3238 0
25.6791 -9.77254 0
21.4784 -12.1047 0
24.2609 -5.7469 0
22.9237 -6.82692 0
24.5969 -10.5992 0
24.6427 -6.02459 0
25.0478 -9.46477 0
19.5966 -8.66507 0
23.3343 -9.76002 0
25.1155 -7.93859 0
20.3796 -8.13668 0
28.2915 -8.06806 0
25.7425 -11.1579 0
21.0134 -13.9998 0
23.0455 -11.4445 0
24.066 -10.2638 0
26.2572 -10.7844 0
24.6265 -4.46723 0
25.3651 -9.80917 0
23.3053 -7.33823 0
27.1526 -10.3771 0
21.9438 -9.91922 0
24.16 -7.56253 0
19.608 -7.5393 0
24.9175 -11.1678 0
21.0823 -4.16284 0
23.3393 -12.7307 0
25.9403 -10.9903 0
24.7061 -11.0405 0
23.9513 -4.54876 0
22.8491 -6.53257 0
22.8907 -11.1947 0
27.0826 -9.77994 0
25.3196 -8.43955 0
25.5354 -7.65427 0
24.4556 -11.8109 0
31.6296 -5.94146 0
20.6153 -9.49517 0
24.0198 -12.5193 0
27.2678 -8.49145 0
27.7657 -7.09754 0
25.6368 -10.1674 0
20.0975 -11.0607 0
27.6819 -7.60596 0
23.9239 -11.9886 0
26.5316 -6.51887 0
27.9761 -6.54574 0
30.6766 -6.96976 0
25.5477 -10.5439 0
22.9875 -12.04 0
17.5366 -12.893 0
23.1045 -7.31526 0
19.3883 -9.48029 0
24.7612 -4.50287 0
28.398 -4.68422 0
23.8816 -10.5828 0
24.3124 -11.2771 0
20.3956 -11.379 0
19.8017 -11.9458 0
20.729 -13.6867 0
22.334 -6.79705 0
22.841 -10.2836 0
24.0446 -9.012 0
25.1596 -10.0676 0
19.7051 -7.7256 0
24.174 -12.9934 0
25.7317 -7.56674 0
23.7197 -11.8257 0
20.9662 -15.15 0
21.7991 -7.94077 0
25.2145 -10.4395 0
23.78 -5.63981 0
26.4648 -7.20448 0
24.0243 -11.9802 0
23.9943 -12.8322 0
25.1115 -11.0545 0
19.7618 -6.19318 0
26.1153 -9.83281 0
24.1603 -10.892 0
22.8808 -12.3954 0
24.748 -11.2084 0
24.5492 -6.57208 0
21.3757 -9.45485 0
29.6719 -3.50782 0
24.3041 -7.52716 0
22.458 -7.53257 0
23.5826 -12.5795 0
20.937 -12.4728 0
23.6037 -13.2336 0
28.4246 -7.50315 0
23.6534 -12.8655 0
19.4535 -9.43561 0
25.0652 -12.1376 0
23.9539 -11.5729 0
24.8269 -9.6482 0
16.9996 -8.81117 0
16.4474 -13.4166 0
24.8714 -11.9004 0
21.5844 -5.67688 0
24.6268 -11.0762 0
26.9851 -7.48385 0
23.8973 -7.16216 0
27.3555 -8.6273 0
25.615 -10.4333 0
26.1779 -8.86841 0
28.3471 -9.26148 0
22.8066 -11.0992 0
25.2608 -10.1906 0
26.0328 -11.0979 0
23.4696 -7.14906 0
25.7606 -10.991 0
26.5707 -7.76558 0
22.9478 -12.3558 0
25.6545 -8.50084 0
27.1285 -8.51275 0
25.8177 -8.85563 0
22.4652 -7.5045 0
23.1616 -12.4035 0
21.1102 -11.8734 0
24.3409 -10.0387 0
23.4552 -8.82997 0
23.4007 -9.12438 0
26.2875 -6.71429 0
25.9779 -3.73632 0
22.5142 -9.59712 0
20.3072 -11.819 0
26.3521 -10.2048 0
25.2368 -10.438 0
22.8826 -13.0053 0
22.6011 -8.9303 0
24.6837 -10.9243 0
23.3381 -12.4568 0
20.584 -10.7945 0
28.8928 -2.65648 0
23.4649 -3.72585 0
28.3133 -8.20794 0
24.9756 -11.4211 0
19.9586 -13.5963 0
22.7625 -10.89 0
25.6533 -5.502 0
19.574 -7.70731 0
22.2887 -13.0052 0
21.8156 -10.399 0
26.1053 -9.20388 0
26.8863 -7.89027 0
24.2533 -11.7303 0
25.1782 -6.68055 0
23.7855 -9.94232 0
24.0582 -5.79022 0
23.8305 -10.5139 0
24.1852 -9.87652 0
22.0126 -11.4524 0
23.1067 -8.99208 0
26.9823 -10.4617 0
25.3384 -9.74059 0
23.0799 -9.4829 0
25.156 -12.0258 0
22.5847 -6.91148 0
24.431 -7.65138 0
25.5347 -11.7505 0
23.6731 -12.2635 0
19.4752 -8.61476 0
26.532 -10.3448 0
25.0165 -10.0323 0
26.6246 -10.718 0
24.0069 -8.28642 0
20.1573 -11.4311 0
26.3437 -7.23802 0
24.9959 -10.7682 0
19.7261 -9.86631 0
24.2226 -6.3369 0
24.5499 -4.98719 0
29.8952 -8.19212 0
24.5833 -9.75783 0
26.1978 -7.57116 0
21.8683 -9.5993 0
23.9883 -2.18033 0
26.0957 -10.7045 0
23.4295 -9.57539 0
24.0131 -12.1798 0
20.8899 -13.1583 0
21.2077 -11.3591 0
28.4952 -4.70124 0
27.8893 -9.27503 0
23.0858 -10.0865 0
20.7362 -8.78058 0
25.6862 -6.48574 0
24.4874 -9.01208 0
24.1155 -7.24529 0
24.4791 -10.945 0
23.1578 -10.9305 0
25.4455 -9.69846 0
25.2351 -9.13366 0
20.1059 -8.61307 0
25.0762 -10.4156 0
22.558 -12.3098 0
24.0233 -7.06543 0
25.1945 -5.79223 0
25.6566 -10.354 0
28.3587 -4.8009 0
21.3584 -10.1238 0
23.9068 -11.2569 0
22.2291 -11.5077 0
24.1886 -8.36166 0
24.2397 -10.279 0
26.0032 -8.59393 0
17.1604 -11.9177 0
27.9019 -9.59791 0
24.8491 -7.78241 0
25.8991 -4.71035 0
24.6144 -10.1794 0
24.2906 -7.39016 0
21.9601 -10.3828 0
26.8354 -5.10682 0
24.6221 -7.15154 0
29.7688 -6.59509 0
28.1449 -8.42365 0
21.3394 -8.35557 0
25.665 -4.84948 0
25.3013 -7.13365 0
24.1065 -11.8641 0
25.2377 -10.6905 0
24.6366 -10.4577 0
22.9439 -11.3299 0
25.484 -10.18 0
21.1065 -3.10054 0
20.9968 -11.7958 0
26.2317 -5.42637 0
20.9054 -12.158 0
25.9371 -10.9612 0
25.216 -6.99695 0
25.465 -10.5827 0
22.5162 -12.4937 0
22.8452 -6.01616 0
24.9243 -10.104 0
23.5078 -9.38159 0
24.7695 -10.154 0
27.1357 -7.47562 0
20.4179 -4.73168 0
25.5968 -8.05389 0
23.0432 -7.02737 0
20.965 -6.96956 0
17.1733 -12.0501 0
23.1432 -10.3021 0
26.6232 -8.06381 0
25.5582 -10.1069 0
28.6487 -8.8303 0
24.1555 -5.81804 0
23.1388 -6.03921 0
23.3343 -8.71156 0
26.1744 -10.7263 0
29.8467 -6.97063 0
21.8169 -8.55927 0
23.562 -12.9407 0
23.7565 -6.08667 0
28.9994 -7.63288 0
24.888 -9.34564 0
21.9232 -8.87412 0
24.0735 -8.4823 0
21.3066 -11.7528 0
26.4793 -9.61119 0
27.7749 -9.30136 0
21.693 -8.59828 0
25.2134 -10.0385 0
22.8296 -9.90445 0
24.1248 -8.70615 0
21.1253 -9.95512 0
26.1558 -9.19023 0
30.2145 -5.18602 0
21.7149 -10.7455 0
22.3377 -8.69916 0
24.3125 -11.2447 0
19.6887 -8.96408 0
28.6758 -7.5729 0
22.1241 -7.87331 0
26.3811 -9.07105 0
19.0495 -10.5033 0
25.4918 -10.0648 0
26.8934 -9.85918 0
19.9426 -12.1608 0
23.2363 -9.99802 0
26.2512 -9.70148 0
25.7485 -10.9106 0
24.0908 -4.48404 0
26.034 -9.28813 0
25.1746 -10.0848 0
26.0159 -8.0629 0
22.4867 -10.618 0
22.5499 -8.69144 0
23.1024 -9.98468 0
27.9964 -5.04316 0
27.8215 -7.89955 0
22.1576 -12.8259 0
24.0549 -4.39061 0
24.8536 -11.8684 0
25.963 -8.68803 0
23.7328 -8.59628 0
24.7945 -7.56982 0
22.529 -4.06796 0
18.1068 -9.40344 0
25.0202 -10.8219 0
21.679 -11.4222 0
23.1635 -10.5935 0
18.8994 -8.99963 0
25.8259 -8.91082 0
24.4584 -11.8817 0
26.2565 -9.59402 0
25.406 -8.74352 0
23.8667 -8.17063 0
23.1183 -10.5416 0
26.0892 -9.1741 0
24.4065 -11.8365 0
23.5778 -13.321 0
20.8258 -10.4024 0
24.1781 -9.97978 0
23.5085 -8.05529 0
27.4302 -10.2055 0
23.8525 -7.09701 0
26.312 -9.037 0
23.1316 -10.1464 0
22.1741 -12.8424 0
27.1004 -7.17852 0
29.9568 -7.00355 0
25.0153 -11.8976 0
24.382 -12.5133 0
26.9371 -8.98413 0
24.9152 -9.82536 0
25.7119 -8.966 0
24.0894 -9.2515 0
25.2985 -8.74879 0
25.002 -11.7637 0
25.1408 -8.10664 0
24.1857 -7.56063 0
21.9478 -10.6638 0
24.9352 -9.50821 0
25.929 -8.61889 0
22.1544 -6.7104 0
21.0559 -6.8243 0
27.4271 -6.32421 0
23.7553 -10.6875 0
29.814 -4.78549 0
22.5186 -8.11932 0
25.8098 -8.84419 0
18.2021 -5.46326 0
21.042 -11.2789 0
22.8995 -9.17865 0
26.2938 -10.8752 0
25.0955 -12.1704 0
24.9615 -9.7866 0
25.6986 -7.22514 0
25.3888 -8.52065 0
23.2472 -13.6934 0
26.5177 -10.9265 0
24.5664 -6.89622 0
24.5214 -6.76416 0
25.6544 -10.112 0
27.3671 -6.00063 0
22.0593 -11.438 0
28.0294 -5.15332 0
24.2737 -8.82556 0
24.5547 -6.25293 0
20.1325 -8.94122 0
22.1729 -9.14753 0
21.1441 -11.1429 0
26.1697 -6.35131 0
24.8931 -9.44184 0
26.9362 -8.37682 0
25.3171 -6.7166 0
24.6979 -11.8568 0
22.3341 -8.32713 0
21.172 -9.40819 0
23.0635 -8.80868 0
24.0946 -7.66847 0
23.7044 -5.85054 0
26.9461 -9.40319 0
27.5244 -7.86426 0
24.846 -10.2305 0
24.1255 -5.70377 0
25.6184 -11.4922 0
24.896 -10.0757 0
20.1524 -9.48341 0
22.5063 -12.4838 0
23.3634 -4.27672 0
24.4173 -9.53502 0
28.0031 -9.78401 0
23.3965 -5.75262 0
24.0388 -9.06291 0
24.1546 -5.68109 0
22.842 -14.0946 0
20.9286 -11.3816 0
19.1946 -11.7553 0
22.7961 -8.53056 0
24.82 -9.51601 0
23.6701 -12.0561 0
24.5423 -10.3634 0
24.3095 -9.76232 0
23.1359 -10.8935 0
27.8663 -9.69871 0
26.5763 -6.8551 0
28.4049 -5.23117 0
23.2178 -7.34873 0
29.8932 -8.16461 0
24.8206 -10.3856 0
21.6789 -10.8555 0
22.5009 -5.77375 0
27.2176 -10.1509 0
25.4021 -7.09812 0
24.7822 -6.52147 0
26.4061 -8.99678 0
24.721 -10.7603 0
26.6383 -10.8114 0
23.4923 -12.7709 0
23.7431 -11.0932 0
30.1991 -6.64125 0
24.646 -9.3434 0
23.7798 -7.68042 0
21.5453 -8.69765 0
22.6902 -12.442 0
24.5844 -9.92379 0
25.5838 -6.03873 0
25.8663 -9.76486 0
25.3015 -9.55447 0
24.0695 -11.8422 0
24.055 -10.5209 0
25.9879 -10.5126 0
28.5143 -9.31383 0
24.9135 -11.9142 0
25.725 -7.11071 0
30.2988 -6.50479 0
22.8911 -8.67982 0
21.8417 -14.1101 0
22.8202 -10.9869 0
25.4246 -11.5705 0
24.2955 -8.90428 0
27.4288 -8.80225 0
25.2422 -10.4167 0
26.8079 -5.10479 0
24.2318 -10.0041 0
27.762 -8.65629 0
25.5035 -5.07071 0
21.6949 -6.94847 0
24.282 -8.37542 0
24.9677 -9.9835 0
26.2227 -4.28034 0
24.6552 -8.468 0
22.7365 -11.3269 0
23.2495 -9.46526 0
22.9742 -9.844 0
25.2594 -9.66156 0
24.5383 -8.01772 0
23.0394 -9.44312 0
24.8909 -6.76818 0
23.5476 -12.9874 0
21.3374 -9.24975 0
25.1235 -10.8148 0
24.4861 -11.1695 0
25.0577 -11.2145 0
22.8556 -7.8098 0
21.57 -7.1763 0
23.2697 -10.7467 0
27.1097 -8.11369 0
25.7961 -8.89465 0
21.8202 -9.97923 0
21.9948 -12.7113 0
22.4204 -7.19664 0
24.2937 -7.47794 0
25.7775 -4.99911 0
22.1013 -1.46587 0
22.1891 -8.51452 0
24.11 -12.2375 0
21.4037 -15.0414 0
23.5789 -10.0244 0
26.7921 -6.68668 0
22.915 -8.65044 0
32.3435 -6.10722 0
22.6135 -7.85556 0
22.5432 -11.6619 0
24.0757 -10.3163 0
25.9561 -5.41362 0
24.981 -5.59422 0
24.0365 -8.182 0
22.3172 -7.61057 0
21.9947 -12.1174 0
24.562 -9.76323 0
24.7952 -8.64795 0
19.5631 -12.4436 0
28.2857 -8.71255 0
19.2042 -9.9015 0
21.4888 -8.41618 0
24.9613 -10.6591 0
23.1266 -13.8898 0
23.5638 -8.60948 0
22.5965 -11.8384 0
26.1444 -9.18232 0
26.4873 -7.87148 0
26.4992 -9.34555 0
22.7279 -7.7643 0
22.6442 -12.0522 0
25.3886 -5.07609 0
27.2344 -8.42933 0
24.009 -9.23936 0
23.9021 -8.96719 0
23.0494 -8.48466 0
24.8094 -9.73925 0
23.9008 -12.1934 0
25.7385 -6.65287 0
25.6084 -4.05329 0
22.8547 -9.03382 0
26.1316 -8.82206 0
20.5085 -12.0737 0
24.5667 -9.385 0
26.3727 -7.64448 0
27.5161 -8.01492 0
22.2123 -8.52967 0
23.9238 -10.3732 0
23.0996 -10.1286 0
25.3518 -10.1731 0
23.4271 -11.0461 0
22.1641 -7.24881 0
22.8624 -9.93483 0
21.2758 -4.32672 0
22.1345 -11.3466 0
27.4969 -6.57544 0
21.7664 -11.3963 0
22.5272 -14.063 0
22.4205 -11.4174 0
31.4922 -5.3281 0
22.124 -9.98773 0
23.7916 -10.252 0
22.6046 -12.1192 0
21.0352 -3.87271 0
24.108 -10.8397 0
25.1672 -8.88468 0
23.9455 -9.88853 0
24.3869 -6.9885 0
25.3922 -4.95427 0
22.1678 -11.0057 0
23.0198 -10.9757 0
27.7955 -8.53517 0
24.5605 -9.78546 0
19.85 -14.0338 0
24.4281 -7.00786 0
23.1743 -11.2803 0
27.4333 -9.26827 0
20.7657 -8.19088 0
22.0066 -10.826 0
24.9324 -9.84036 0
25.988 -10.9554 0
22.0409 -9.28952 0
24.7164 -12.159 0
19.4293 -8.70435 0
21.3133 -14.271 0
23.7229 -10.6876 0
24.4172 -11.1184 0
30.3158 -6.60202 0
24.8163 -5.6322 0
22.96 -12.0125 0
24.4561 -9.45232 0
28.0302 -4.32343 0
20.8164 -11.4152 0
28.4543 -7.02393 0
24.0126 -8.06044 0
28.4811 -8.46845 0
23.4442 -8.23793 0
21.6973 -8.50773 0
23.166 -3.98367 0
23.0114 -11.0761 0
20.647 -10.9114 0
27.394 -7.31808 0
23.9193 -6.99733 0
24.8326 -9.36323 0
17.5299 -13.4814 0
27.9025 -7.2343 0
26.5085 -7.73215 0
22.4807 -10.9802 0
22.8009 -7.60363 0
29.0585 -3.37045 0
23.1891 -10.5444 0
27.3457 -9.46457 0
26.5605 -9.68039 0
25.2201 -7.91736 0
23.8053 -12.1093 0
19.6595 -7.46101 0
24.5283 -5.21544 0
23.9595 -10.2939 0
24.0097 -9.05975 0
24.7792 -7.18691 0
22.2693 -11.6607 0
23.8322 -10.0825 0
22.5846 -4.74043 0
24.6229 -7.84736 0
25.5398 -5.10657 0
25.1908 -9.6349 0
24.2156 -8.74276 0
24.7362 -10.934 0
23.5555 -11.9545 0
21.0002 -13.9866 0
24.4959 -6.74223 0
23.8421 -9.25755 0
26.9319 -6.70851 0
23.2215 -7.97018 0
27.0614 -9.88447 0
25.24 -11.6657 0
25.5352 -9.95223 0
24.4008 -10.4031 0
25.6143 -6.12416 0
24.7904 -7.28814 0
22.7861 -9.4785 0
24.511 -7.61535 0
23.6748 -6.52594 0
22.8953 -13.5216 0
25.2275 -9.32094 0
22.6098 -7.53134 0
20.8524 -9.24153 0
24.6762 -10.3466 0
23.6219 -11.6662 0
24.7614 -10.2998 0
28.4026 -7.0259 0
26.0789 -8.1788 0
23.2827 -8.36772 0
24.5731 -5.79165 0
26.188 -9.82777 0
22.3392 -7.37427 0
22.9736 -12.412 0
28.3946 -6.61177 0
22.0226 -9.91434 0
26.8448 -9.62515 0
26.235 -9.26515 0
24.4374 -9.3206 0
20.0073 -11.755 0
27.4626 -7.42506 0
23.3239 -9.65521 0
19.7126 -12.2181 0
23.6297 -8.05623 0
27.225 -6.22858 0
20.3566 -10.5662 0
29.2493 -5.60393 0
24.2539 -10.0652 0
26.0679 -10.6146 0
21.3463 -7.55851 0
17.7309 -14.8443 0
25.768 -8.09604 0
18.7816 -12.6156 0
25.521 -6.45646 0
29.4759 -5.88465 0
30.1571 -7.23694 0
20.1282 -8.43321 0
24.9975 -10.7406 0
24.0246 -10.6083 0
27.5374 -8.6592 0
26.7601 -7.59506 0
22.0376 -6.24839 0
19.9812 -8.41321 0
25.4464 -10.3391 0
23.7997 -5.16639 0
22.2958 -4.64773 0
24.4735 -7.07589 0
24.7194 -8.15613 0
28.2932 -9.45685 0
20.2776 -12.4129 0
23.6648 -8.07677 0
24.188 -6.99837 0
22.0575 -9.97038 0
24.5089 -9.55593 0
22.771 -10.4151 0
26.3885 -9.05145 0
24.4128 -6.95753 0
24.93 -6.24351 0
28.2982 -6.63552 0
24.3777 -11.7852 0
17.2583 -12.8342 0
23.6396 -13.0576 0
23.4544 -13.5767 0
25.5594 -10.4834 0
23.3239 -10.4619 0
23.5967 -9.35951 0
22.9998 -13.3304 0
28.5737 -9.00282 0
22.9779 -9.8048 0
0.228097 29.1958 0
-1.01169 31.2787 0
-3.89354 27.5978 0
-3.96477 24.5092 0
-2.89869 34.1365 0
