50.7196 -49.5821 -4.67648 0.166913
50.7196 -49.5821 0.0866509 2.42773
41.9096 -52.2556 -nan -nan
41.9096 -52.2556 -nan -nan
-0.176163 -0.287788 0.0813214 4.7835
-0.176163 -0.287788 -2.22665 0.0378538
1.33717 11.1998 0.100681 3.14005
1.33717 11.1998 -2.05151 0.0657784
4.4135 -3.90896 -nan -nan
4.4135 -3.90896 -nan -nan
49.5771 0.680231 -3.3677 3.39969
49.5771 0.680231 1.70925 1.69317
61.7246 -11.7132 -2.02487 1.77882
61.7246 -11.7132 0.000161129 0.000183417
24.8296 -10.3202 -2.25621 0.978672
24.8296 -10.3202 0.890693 2.05339
