-0.602058 14.3841 0
0.432618 -5.23579 0
3.97735 -6.03985 0
-0.402571 11.1217 0
2.53888 11.98 0
-1.1144 -1.16856 0
6.04795 -3.84859 0
3.31129 -5.93199 0
-0.0617747 5.00339 0
-1.08011 -7.12832 0
3.47423 -10.6211 0
-1.98243 10.4961 0
-3.76377 6.4199 0
2.74175 -22.058 0
2.87076 3.1912 0
3.1933 -10.9776 0
8.51872 -16.0489 0
-2.69431 -4.06335 0
-2.77867 8.84096 0
-4.47962 3.57717 0
1.35869 16.9331 0
2.06404 -17.6607 0
-2.40861 9.57647 0
-0.600596 4.34042 0
-1.88654 8.6452 0
-1.6297 6.74532 0
-0.419687 -18.9978 0
-4.21246 -6.79307 0
-1.73751 -12.1579 0
5.20608 -20.7961 0
5.21202 -2.99787 0
-4.06028 2.01981 0
-1.60025 8.4019 0
0.55349 -25.048 0
-0.195098 -4.68556 0
2.08244 -5.33326 0
3.24362 -10.9226 0
0.0167339 -19.5131 0
-0.769884 10.2502 0
1.6879 15.3855 0
-2.77185 10.9102 0
-0.878411 11.1317 0
4.06431 1.06693 0
-2.48353 -17.3122 0
-0.299216 0.61684 0
1.22944 1.44935 0
1.58458 -3.15854 0
1.44158 0.00912304 0
1.69818 25.1665 0
-1.16148 19.7418 0
0.218804 -2.33285 0
0.516663 1.54699 0
-2.52385 -11.3423 0
-1.06258 -6.93212 0
1.93301 6.34549 0
6.20158 2.70197 0
1.46664 -1.07945 0
-2.35746 -3.05421 0
7.06804 1.52318 0
-4.58312 4.75721 0
-4.54236 -9.53374 0
0.732708 0.254866 0
-1.22706 0.336407 0
-2.36636 0.202017 0
-0.6491 -6.18443 0
-2.05683 14.5332 0
-3.99163 -14.7512 0
-0.053692 -3.05937 0
-0.220914 -5.23763 0
-0.628165 -3.14877 0
-3.78767 -21.6314 0
2.8869 13.2576 0
-0.214172 -4.98466 0
2.16173 -3.60071 0
0.886302 3.52505 0
2.72418 1.70299 0
3.47348 9.81767 0
2.16144 -10.1258 0
2.80486 -11.4153 0
2.9038 -2.65415 0
-1.44791 17.6163 0
4.49461 3.25391 0
1.65979 7.67368 0
-5.46877 -13.6474 0
0.239311 11.9438 0
2.9644 1.2629 0
0.528697 -23.2923 0
2.50331 -12.8491 0
-0.519619 12.7933 0
-2.22633 -2.12403 0
3.21489 7.20638 0
3.59852 -5.48427 0
-0.46437 21.0332 0
-3.09014 -0.912477 0
3.57293 -13.5194 0
2.78396 0.747596 0
0.471323 -7.67626 0
-2.72305 -15.0283 0
-3.86028 29.1337 1
-0.126098 100.762 3
5.32227 83.5075 3
-0.524863 95.3474 3
1.96775 90.7516 3
-0.510953 90.7653 3
2.24567 105.306 3
0.138124 100.343 3
5.55316 118.542 3
-1.51636 80.2244 3
-9.50275 110.015 3
-2.00771 91.7008 3
-2.16868 104.053 3
1.22813 110.134 3
-1.55406 90.4385 3
0.00726461 104.557 3
1.24846 96.1549 3
1.10362 98.9733 3
0.10658 102.272 3
3.72198 110.613 3
-0.884189 100.297 3
-2.09913 116.481 3
-0.604219 107.871 3
-3.488 83.6308 3
4.08455 92.8626 3
-3.03115 82.112 3
0.3134 91.666 3
1.80512 92.0047 3
5.52233 94.9723 3
-0.891949 95.7211 3
-2.86733 86.8796 3
-0.677523 111.535 3
4.35026 103.092 3
-2.28294 107.607 3
0.920101 99.1515 3
-1.79449 107.305 3
1.6965 87.5073 3
-7.6353 100.363 3
2.61373 95.9485 3
-3.56425 114.108 3
-3.40316 82.9454 3
3.21134 116.098 3
-4.67689 103.54 3
-0.516238 105.506 3
0.650814 84.9745 3
-3.96513 104.076 3
-3.99399 100.31 3
2.84198 99.8648 3
-5.37823 97.2394 3
-1.24322 92.7818 3
-2.50639 97.7466 3
-1.27119 87.088 3
-4.54138 96.1824 3
-0.980973 112.618 3
2.37706 115.856 3
-0.575229 97.3176 3
-1.26014 95.2966 3
1.04935 95.2911 3
-0.811163 111.555 3
0.897814 117.12 3
0.639797 103.019 3
1.25224 96.2195 3
0.559734 86.6203 3
-5.00381 87.129 3
-1.97461 121.389 3
2.44685 106.626 3
-0.438367 89.9311 3
0.278419 109.714 3
0.355811 123.956 3
-1.62685 95.276 3
1.7194 106.845 3
-0.816815 97.9146 3
-2.41033 120.618 3
3.01657 100.69 3
0.54924 89.5212 3
0.10402 93.8666 3
2.13896 108.235 3
1.33969 76.3187 3
-4.44134 107.819 3
2.97694 92.449 3
-3.01419 98.0428 3
-0.777652 97.0718 3
-3.86165 91.9587 3
-3.3524 91.5878 3
4.01888 115.942 3
3.13224 97.6151 3
-0.0387408 79.2862 3
3.46199 92.6545 3
-5.41742 101.436 3
-2.21108 103.044 3
0.57196 128.888 3
-4.94906 82.8889 3
-1.69731 92.9291 3
-2.77208 99.6383 3
-2.31357 102.883 3
1.83733 109.338 3
-1.16581 95.4756 3
-2.55401 100.719 3
0.709615 109.504 3
3.78645 110.725 3
0.0787086 65.2701 5
