62.3403 -44.7958 0
64.3679 -46.4624 0
65.2592 -49.2178 0
66.9263 -45.6431 0
69.9174 -45.7266 0
71.1659 -47.9896 0
62.3453 -50.5995 0
67.1991 -50.329 0
68.5678 -53.0897 0
67.5845 -49.563 0
67.8979 -49.5191 0
70.6458 -51.4084 0
73.3737 -55.0467 0
75.852 -51.5436 0
77.4699 -51.6245 0
62.4957 -52.2611 0
61.815 -50.4765 0
61.2147 -50.0765 0
60.8654 -48.6256 0
58.6051 -50.2277 0
55.9034 -50.9308 0
57.7006 -48.633 0
57.3205 -48.2882 0
55.986 -46.9434 0
57.8508 -47.398 0
55.3569 -47.6586 0
54.3949 -45.9556 0
54.6287 -43.102 0
53.5388 -47.9066 0
52.556 -49.1678 0
53.2909 -47.7062 0
53.1072 -49.9034 0
50.9209 -48.8962 0
51.1965 -47.0348 0
50.2023 -47.0939 0
51.3048 -44.5123 0
50.2827 -43.0894 0
48.0997 -42.9274 0
48.8494 -44.9456 0
48.9404 -47.6014 0
48.5165 -49.4049 0
46.9213 -48.9886 0
47.7477 -50.5908 0
48.0322 -51.1285 0
50.2284 -51.6006 0
47.129 -51.3722 0
50.6516 -51.1508 0
50.8447 -52.3507 0
51.5407 -54.9559 0
51.5606 -51.8999 0
46.393 -48.7425 0
46.1506 -47.9485 0
46.879 -46.7406 0
45.1655 -47.5746 0
44.8537 -48.3675 0
45.104 -48.8992 0
44.3903 -49.3281 0
44.6295 -49.9461 0
43.3364 -51.3297 0
42.3895 -51.9243 0
42.2721 -52.444 0
41.9096 -52.2556 0
43.5597 -52.7648 0
43.5188 -53.7129 0
44.8891 -53.977 0
46.2944 -53.3829 0
45.2809 -52.4186 0
47.4261 -53.4326 0
48.1972 -53.7042 0
48.2783 -53.4731 0
45.3879 -52.2834 0
41.346 -51.8226 0
40.3106 -50.6589 0
38.7416 -51.4377 0
40.648 -48.8189 0
41.2315 -48.1168 0
40.109 -46.083 0
42.5566 -47.9431 0
42.2908 -49.0441 0
36.7242 -45.8813 0
36.6184 -43.9128 0
34.0637 -44.3048 0
31.8533 -46.2848 0
31.5303 -47.8144 0
31.939 -50.0107 0
30.239 -50.3488 0
32.0954 -50.5502 0
26.1845 -49.6923 0
38.2732 -51.3927 0
38.3442 -49.8942 0
35.0684 -52.33 0
45.7991 -45.8508 0
44.1989 -43.7621 0
55.8628 -52.3839 0
56.3157 -53.5144 0
54.1052 -53.8329 0
63.7101 -54.7243 0
64.959 -53.8286 0
60.4964 -55.0466 0
88.3754 -47.6675 1
-1.42375 -21.8451 2
-0.555508 -23.6669 2
-1.30124 -21.653 2
-0.295238 -19.6394 2
1.79466 -16.7015 2
-0.324194 -14.2822 2
2.33076 -16.2921 2
3.31535 -15.5913 2
3.38664 -15.163 2
-1.51963 -13.7464 2
-2.21545 -15.7662 2
-4.41165 -13.6212 2
-1.09686 -11.7861 2
-1.5978 -11.5315 2
-1.6915 -10.6722 2
-1.16412 -10.7644 2
-0.944371 -8.69568 2
-0.459267 -8.1529 2
-2.38887 -5.9287 2
1.48945 -8.06366 2
3.0012 -6.85139 2
1.82255 -8.93784 2
1.1747 -10.302 2
1.38234 -10.8614 2
5.07067 -7.92525 2
-3.31857 -5.80796 2
-4.88425 -7.94365 2
-3.73286 -3.77891 2
-1.81636 -2.58026 2
-6.29184 -4.83356 2
-2.13293 -2.07022 2
-0.664788 -3.54786 2
-0.295214 -4.2026 2
-0.342822 -4.29474 2
-0.358849 -4.40783 2
-1.08746 -1.63242 2
-2.18746 -1.95034 2
-1.76328 -0.73002 2
-2.33087 0.489283 2
-3.59431 -0.401829 2
-1.08037 0.504942 2
-1.44281 1.93615 2
-1.44784 2.60397 2
-0.554662 2.62884 2
-1.57632 2.98524 2
-1.6223 4.31438 2
-1.75619 4.55751 2
-1.13912 5.75509 2
-3.62916 3.97251 2
-4.6674 5.83451 2
-0.280571 6.99177 2
-1.44465 5.99966 2
0.864749 6.94788 2
-0.288224 7.86449 2
-0.326258 8.38186 2
0.593005 9.9725 2
-1.97184 8.42446 2
-2.7607 9.82832 2
-3.16742 7.64319 2
1.8517 8.62924 2
1.78977 10.927 2
0.558687 12.0277 2
0.350211 12.7523 2
0.128042 11.638 2
-0.751889 12.2171 2
0.809821 14.3017 2
1.05445 15.9711 2
-1.44896 14.6787 2
-1.96908 17.2474 2
-3.75984 18.3618 2
1.64467 20.2668 2
1.38509 21.4447 2
0.891973 21.531 2
-0.955956 27.512 2
-0.548681 29.2364 2
3.55083 9.38835 2
5.20891 9.57538 2
4.31133 7.37538 2
4.29406 11.2895 2
3.58737 12.8191 2
4.86207 15.0883 2
-0.369682 3.14988 2
-0.0282085 1.90132 2
0.648391 1.01335 2
1.05747 -1.1228 2
1.46268 -1.47703 2
2.88459 -2.73576 2
3.62475 -2.26188 2
4.4135 -3.90896 2
0.363955 3.21883 2
0.675264 4.85375 2
0.564253 2.73339 2
1.62624 2.03124 2
2.11972 3.52595 2
4.45542 2.36769 2
6.20728 0.793051 2
1.45718 5.20533 2
-6.81616 -11.2767 2
0.0385645 -24.8623 2
2.43138 -23.4024 2
48.2358 3.35796 3
47.189 2.86158 3
49.438 3.17529 3
48.2163 4.00626 3
47.6374 4.5639 3
47.2796 4.98643 3
46.3032 4.49781 3
48.3571 6.28651 3
49.5497 5.43256 3
50.8036 5.95204 3
45.3961 6.24415 3
44.3586 5.57252 3
46.632 9.00741 3
46.8291 8.96163 3
43.6215 5.32049 3
42.9078 6.80855 3
42.9208 3.92421 3
43.7907 3.7553 3
41.7805 4.90177 3
43.7637 2.89211 3
42.4149 1.58718 3
37.9716 0.432115 3
40.6689 -5.13762 3
42.2999 7.6024 3
42.3097 8.08571 3
41.2702 8.39012 3
39.3916 10.3277 3
38.3 12.3027 3
38.313 12.5999 3
36.917 12.5883 3
38.4252 13.3547 3
39.7062 14.4577 3
43.2568 12.7513 3
33.0111 12.3328 3
35.9105 9.10479 3
31.538 15.9335 3
30.4531 17.6356 3
28.0565 21.2616 3
35.0236 23.5655 3
46.6444 2.90463 3
46.3367 2.64659 3
46.3536 1.6445 3
46.8929 1.19571 3
47.8482 0.647002 3
48.1446 0.876159 3
48.7601 -0.263119 3
48.8397 -0.541016 3
49.4486 -0.186619 3
50.0598 0.216056 3
51.3597 -1.10264 3
49.932 0.97025 3
50.049 1.42064 3
50.5243 2.25935 3
51.5843 2.10492 3
52.1916 2.83051 3
52.1418 3.5924 3
52.4123 2.73785 3
54.5013 6.40548 3
50.841 -1.971 3
51.9557 -3.13762 3
50.5499 -3.90855 3
53.3015 -2.05686 3
53.1035 -1.14463 3
54.2926 -0.753022 3
54.9534 -1.6596 3
53.9871 -0.228251 3
53.8477 0.118723 3
55.5741 1.0807 3
55.3314 -3.71226 3
54.5469 -4.75734 3
59.5208 -2.39231 3
60.3127 0.138319 3
55.0699 -6.36419 3
54.7546 -7.13429 3
57.7998 -9.4912 3
58.9959 -9.31607 3
57.8811 -10.4373 3
57.7327 -10.8365 3
59.3814 -10.2867 3
60.2701 -11.8486 3
60.4696 -12.7715 3
62.2979 -9.95181 3
62.0492 -8.88428 3
64.1455 -10.356 3
64.4861 -10.0054 3
65.003 -12.4685 3
64.4534 -14.1104 3
69.0555 -15.4414 3
69.118 -16.451 3
59.8908 -13.2798 3
60.3198 -15.6928 3
57.4742 -14.3287 3
64.1216 -19.47 3
50.2949 -4.0662 3
51.4689 -4.68536 3
51.091 -6.15542 3
52.5511 -5.70592 3
49.3347 -4.3263 3
48.3126 -2.47477 3
47.7896 1.91712 3
23.9893 -7.30977 4
23.4962 -7.05753 4
24.2318 -7.02977 4
22.7698 -6.62581 4
23.0882 -7.44759 4
22.9603 -8.1818 4
22.2188 -7.45461 4
21.7872 -7.93061 4
22.1115 -8.4358 4
21.4279 -7.77492 4
21.5081 -7.57395 4
20.4215 -5.16491 4
21.829 -9.22432 4
21.2571 -9.83055 4
20.0883 -9.49163 4
19.5257 -10.409 4
20.2867 -10.8136 4
18.1339 -10.1742 4
16.2122 -8.25536 4
17.1617 -7.15169 4
22.964 -9.07714 4
22.9653 -9.34436 4
22.8106 -9.58233 4
22.4713 -10.3357 4
23.2747 -10.5384 4
23.9315 -11.1901 4
24.1897 -10.8179 4
23.7656 -11.4462 4
23.7515 -11.451 4
22.7744 -11.7091 4
23.8317 -11.8268 4
23.7464 -12.1318 4
24.1115 -12.7919 4
22.0837 -11.5827 4
21.6226 -12.695 4
22.5418 -13.3291 4
20.6142 -13.1338 4
20.0919 -14.3416 4
21.3769 -14.5825 4
19.7939 -15.8153 4
23.6954 -14.7254 4
24.3047 -10.6154 4
24.7748 -11.2163 4
25.2243 -10.7608 4
25.7038 -11.5058 4
25.453 -12.1433 4
26.0737 -11.6698 4
26.485 -11.5058 4
26.8998 -11.7032 4
27.4679 -11.2083 4
27.8185 -11.3003 4
28.0846 -10.7972 4
28.9328 -11.4009 4
29.8007 -10.7867 4
28.2766 -12.7077 4
28.4824 -13.4467 4
29.469 -13.1607 4
27.8339 -13.7277 4
28.456 -14.883 4
27.6414 -13.2387 4
27.0862 -14.6735 4
28.5578 -15.1619 4
28.0196 -16.059 4
29.7647 -15.4423 4
30.4658 -14.0321 4
25.5202 -12.2546 4
25.1182 -12.1459 4
24.9448 -12.1731 4
26.1759 -13.249 4
25.8012 -13.6175 4
24.663 -9.84918 4
24.6665 -9.75476 4
24.9385 -9.84862 4
25.6144 -9.86251 4
25.9479 -10.0598 4
26.3266 -9.68289 4
26.2392 -9.29558 4
26.803 -10.4257 4
27.6906 -9.74479 4
26.5583 -8.87811 4
26.5328 -8.70258 4
26.5631 -8.43933 4
27.7008 -8.15149 4
26.504 -7.75479 4
25.9537 -7.44548 4
25.7896 -6.4616 4
25.3564 -5.78493 4
26.1716 -5.62638 4
28.2685 -5.65008 4
28.4874 -5.04696 4
29.0536 -5.41072 4
28.6624 -8.16693 4
29.4355 -8.27569 4
29.4546 -9.13621 4
24.9479 -9.21083 4
25.0981 -8.86355 4
24.8656 -8.17567 4
25.3447 -8.75318 4
25.5908 -8.93772 4
24.176 -8.25349 4
