-1.30027 -32.3274 4 4 180 0
28.2648 -20.1984 4 4 180 1
15.2549 -2.56067 4 4 180 2
26.2737 -17.6028 4 4 180 3
-0.640553 -18.0254 10.5376 16.9346 169.868 0
52.8502 -37.2613 41.9413 78.3868 184.071 1
9.13949 2.83002 58.6044 38.9332 176.344 2
32.9835 -6.3375 42.9009 27.8273 158.476 3
-0.439431 -16.7241 8.51952 19.6651 177.01 0
52.6386 -37.0317 42.4247 79.8481 183.205 1
8.60148 3.14583 60.038 39.7108 176.982 2
32.43 -6.2883 44.1366 27.0755 161.113 3
-0.34454 -15.1272 7.81786 22.2515 178.498 0
52.5721 -37.3196 42.8118 79.3947 183.113 1
7.99825 3.90138 59.2777 39.126 176.485 2
32.4388 -6.2329 45.2542 26.9175 162.462 3
-0.347484 -13.2826 7.59954 25.5396 178.937 0
52.5678 -37.8296 43.1315 78.1095 183.348 1
7.5789 4.79825 58.312 38.2087 175.635 2
32.6046 -6.17637 46.2036 26.901 163.355 3
-0.437528 -10.9682 7.53156 29.5321 179.167 0
52.5962 -38.4899 43.4206 76.1952 183.855 1
7.53875 5.8193 58.2694 37.3934 175.034 2
32.7947 -6.11497 47.0205 26.9058 164.061 3
-0.528715 -8.1534 7.46616 33.5559 179.416 0
52.6455 -39.2615 43.6914 73.6916 184.691 1
8.20132 6.98353 60.0663 37.0594 175.139 2
32.9784 -6.05702 47.7855 26.9051 164.692 3
-0.544746 -5.28521 7.48267 37.0006 179.651 0
52.7024 -40.1062 43.9601 70.6794 185.935 1
10.0129 8.17105 64.266 37.4395 175.925 2
33.1534 -6.01964 48.5603 26.8622 165.333 3
-0.48065 -2.7959 7.72351 40.4699 179.855 0
52.7462 -40.9546 44.2443 67.4386 187.573 1
13.4909 8.957 70.1801 37.8564 176.811 2
33.3103 -6.02191 49.3493 26.7244 166.038 3
-0.371926 -0.856933 8.24099 44.0134 180.019 0
52.7635 -41.7274 44.5373 64.3332 189.492 1
19.142 8.85349 74.8194 36.2304 176.956 2
33.4257 -6.06927 50.0534 26.4634 166.774 3
-0.264339 0.11626 8.95347 45.3019 180.146 0
52.7612 -42.3475 44.7952 61.7189 191.488 1
26.0438 8.79402 72.7822 33.1826 176.84 2
33.482 -6.15452 50.5702 26.0989 167.466 3
-0.18655 0.445335 9.56419 45.1969 180.251 0
52.7545 -42.7637 44.9781 59.8864 193.201 1
32.3123 9.41137 62.0397 29.9899 177.775 2
33.48 -6.26458 50.9542 25.7069 168.07 3
-0.131934 0.575528 9.91795 44.8803 180.309 0
52.7471 -43.0196 45.0949 58.7363 194.442 1
37.4381 10.0084 44.497 26.7761 184.335 2
33.3837 -6.40644 51.2066 25.2786 168.602 3
-0.0900259 0.663979 10.0765 44.708 180.337 0
52.7359 -43.2009 45.1782 57.9309 195.371 1
41.0673 9.59743 28.485 25.5093 217.054 2
33.0638 -6.66217 51.1973 24.5997 169.213 3
-0.0877755 0.686384 10.0857 44.6854 180.342 0
52.6757 -43.5973 45.3445 56.2895 197.257 1
43.7379 7.08527 29.287 28.3801 222.987 2
32.0075 -7.2855 50.2037 23.1613 170.081 3
-0.0895013 0.694692 10.0843 44.6918 180.344 0
52.2698 -45.4277 45.9111 47.9963 215.959 1
47.0011 3.6551 32.6256 32.7105 135.161 2
30.1202 -8.11194 46.646 21.3391 170.377 3
-0.0887935 0.658067 10.0815 44.8019 180.34 0
51.3835 -48.5083 46.1297 26.6867 177.369 1
49.3581 1.15197 34.5657 35.095 135.934 2
27.9672 -8.95872 39.7833 18.9656 170.039 3
-0.0808345 0.515887 10.0746 45.1589 180.316 0
51.0083 -49.5893 45.993 11.8602 180.328 1
50.01 0.468083 34.1813 35.1474 136.733 2
26.1674 -9.67908 29.1779 15.5998 169.3 3
-0.0611278 0.294359 10.0731 45.6578 180.27 0
51.0081 -49.5897 45.9929 11.8519 180.328 1
50.0462 0.48857 33.5051 34.2879 136.454 2
25.1512 -10.1352 15.9591 11.7123 171.036 3
-0.0546004 0.250383 10.0774 45.7358 180.258 0
51.0081 -49.5897 45.9929 11.8519 180.328 1
49.9077 0.48049 33.6201 34.0445 135.8 2
24.9732 -10.2687 13.1702 10.5634 181.803 3
-0.0545991 0.250379 10.0774 45.7358 180.258 0
51.0081 -49.5897 45.9929 11.8519 180.328 1
49.821 0.432906 33.6601 33.9504 135.556 2
24.8311 -10.3197 11.8084 10.3777 193.733 3
-0.0545991 0.250379 10.0774 45.7358 180.258 0
51.0081 -49.5897 45.9929 11.8519 180.328 1
49.8201 0.432354 33.6604 33.9494 135.554 2
24.8296 -10.3202 11.7921 10.3762 193.96 3
-0.0545991 0.250379 10.0774 45.7358 180.258 0
51.0081 -49.5897 45.9929 11.8519 180.328 1
49.8201 0.432353 33.6604 33.9494 135.554 2
24.8296 -10.3202 11.7921 10.3762 193.96 3
-0.0545991 0.250379 10.0774 45.7358 180.258 0
51.0081 -49.5897 45.9929 11.8519 180.328 1
49.8201 0.432353 33.6604 33.9494 135.554 2
24.8296 -10.3202 11.7921 10.3762 193.96 3
