58.0887 -49.8112 0
57.9983 -53.3368 0
55.6137 -49.364 0
56.7039 -50.4673 0
56.1796 -53.5816 0
55.4391 -53.0619 0
58.9157 -50.4222 0
61.7701 -49.9798 0
55.3425 -48.081 0
53.9013 -50.6114 0
55.4827 -48.0606 0
56.7047 -49.6606 0
61.9096 -49.9238 0
58.1036 -52.4184 0
60.6453 -47.3827 0
56.8705 -48.3732 0
55.5109 -51.6706 0
59.563 -47.539 0
58.4159 -53.5283 0
55.3037 -46.5302 0
58.856 -49.4856 0
57.1155 -47.9758 0
54.6321 -49.2612 0
55.7763 -51.9591 0
54.6711 -50.0862 0
60.9213 -51.6694 0
53.9621 -49.0629 0
54.1616 -50.2972 0
54.7773 -52.1131 0
57.243 -50.5502 0
58.7983 -47.6106 0
60.0764 -50.9882 0
54.3251 -47.0008 0
57.9535 -51.0824 0
56.2248 -48.2429 0
53.9512 -48.0636 0
58.1584 -52.019 0
55.1079 -50.6916 0
61.8369 -49.2989 0
61.9728 -50.8355 0
57.3017 -51.2861 0
57.9202 -50.982 0
61.3281 -51.0147 0
54.2181 -49.8919 0
53.5674 -50.8425 0
59.5797 -52.1268 0
54.8336 -50.2559 0
61.504 -49.9969 0
60.3171 -51.4256 0
59.8882 -54.0709 0
61.4608 -51.3557 0
58.5503 -49.9416 0
61.3457 -47.2578 0
56.2907 -51.0511 0
57.6015 -50.1346 0
54.3046 -50.3766 0
61.1518 -48.5386 0
58.5822 -49.0407 0
54.3949 -52.1969 0
57.8036 -48.4909 0
54.3925 -48.9707 0
53.9647 -49.2425 0
59.4217 -52.0597 0
59.0901 -47.7715 0
59.6123 -51.846 0
55.7461 -48.6141 0
57.4907 -53.8957 0
57.2722 -54.6986 0
62.0194 -52.127 0
60.7332 -47.6191 0
53.8553 -48.1851 0
53.6969 -50.3193 0
59.8258 -51.6697 0
59.5478 -47.8632 0
58.3412 -48.6571 0
55.6844 -50.0289 0
61.2448 -48.5235 0
60.3205 -47.2049 0
62.0186 -52.7208 0
62.7191 -49.9894 0
56.9204 -50.7523 0
58.5794 -47.8166 0
55.8071 -52.992 0
57.8429 -49.4494 0
58.1032 -49.8505 0
57.0025 -49.4708 0
59.0531 -51.3341 0
58.7183 -50.9939 0
55.4335 -53.7966 0
58.4367 -48.6865 0
53.7798 -50.5239 0
53.7207 -51.8452 0
59.2372 -52.4494 0
54.8827 -47.6843 0
55.0268 -51.0972 0
56.0286 -52.7757 0
59.9999 -45.7817 0
57.1309 -47.3544 0
57.4555 -50.8995 0
55.318 -52.0603 0
58.8168 -48.5376 0
57.18 -54.0089 0
58.6286 -54.1014 0
53.8456 -49.066 0
56.4172 -45.7577 0
59.9729 -52.4918 0
55.1856 -45.8547 0
53.6236 -47.6713 0
57.7469 -48.8149 0
60.6648 -48.3356 0
61.309 -49.1565 0
61.7616 -51.4474 0
57.0083 -53.699 0
58.4028 -49.1853 0
59.9272 -48.1272 0
54.9783 -50.6915 0
61.3852 -46.7195 0
62.2083 -50.6736 0
53.643 -49.2544 0
61.3012 -52.8514 0
57.4735 -50.1524 0
54.5921 -47.1007 0
55.9675 -48.06 0
53.2875 -49.9824 0
55.6863 -53.3255 0
57.5265 -50.5476 0
54.5345 -48.1742 0
57.3455 -50.5993 0
55.07 -48.6003 0
61.3672 -52.8349 0
57.5903 -49.9907 0
59.8014 -48.6992 0
60.0528 -50.626 0
57.0548 -50.0036 0
61.5055 -47.8825 0
60.6502 -48.7076 0
53.5017 -48.7089 0
58.6818 -49.9114 0
53.7074 -48.4853 0
62.3082 -48.8839 0
54.977 -46.0906 0
55.7496 -52.9453 0
62.7336 -48.5694 0
56.6639 -48.7169 0
57.4481 -46.0451 0
57.4269 -50.308 0
57.8296 -47.0336 0
55.9694 -49.3863 0
58.6222 -46.023 0
59.9334 -52.5016 0
55.523 -54.0758 0
58.2233 -51.3365 0
53.5726 -51.8669 0
62.1592 -50.3924 0
61.0824 -51.5165 0
54.3719 -51.2604 0
53.9092 -47.0685 0
59.7662 -52.3176 0
57.3681 -50.9364 0
57.6566 -50.0926 0
53.9459 -52.1829 0
56.2824 -49.5804 0
62.5272 -49.6093 0
53.9738 -48.2896 0
55.3057 -52.2678 0
59.6636 -46.9192 0
57.6806 -49.489 0
57.5741 -48.9981 0
61.9485 -51.4619 0
53.2592 -49.8791 0
54.6775 -50.5176 0
54.858 -49.9462 0
62.7373 -50.4091 0
60.8427 -53.0138 0
58.9493 -50.8971 0
56.6457 -52.4621 0
59.5963 -48.9379 0
58.4672 -53.012 0
59.9436 -49.605 0
56.398 -49.1295 0
56.18 -48.8349 0
57.3516 -52.4093 0
60.1412 -47.5126 0
58.207 -52.3624 0
56.1238 -47.1539 0
58.7727 -51.1062 0
58.2914 -54.4981 0
54.413 -47.1657 0
54.183 -51.5762 0
55.384 -52.8698 0
55.5825 -53.238 0
55.6676 -52.5841 0
60.1699 -47.5407 0
58.4747 -52.4021 0
53.358 -50.8947 0
53.9011 -51.9833 0
55.1197 -51.8297 0
53.8225 -49.015 0
58.6356 -50.2904 0
60.6665 -46.8055 0
54.4732 -50.5864 0
57.5841 -47.3213 0
58.0482 -52.0464 0
54.3029 -51.992 0
53.9187 -52.5224 0
58.4364 -51.2015 0
58.6063 -46.5394 0
56.6405 -52.7359 0
62.2247 -49.929 0
56.7808 -47.3436 0
53.7359 -50.2667 0
57.817 -51.4507 0
56.6632 -49.7653 0
58.3077 -46.8335 0
56.6637 -51.3834 0
56.6704 -47.2877 0
56.8487 -47.2264 0
59.6463 -52.0341 0
55.8607 -48.9048 0
60.139 -50.2328 0
60.3616 -48.5208 0
59.7362 -49.106 0
57.1404 -50.628 0
57.4499 -46.8863 0
62.2293 -51.3701 0
64.6167 -47.5702 0
66.5911 -49.2547 0
65.996 -53.9993 0
63.2121 -48.5183 0
66.7331 -51.4285 0
64.7435 -54.2828 0
62.9333 -51.4066 0
64.0461 -48.4274 0
64.3812 -55.0529 0
63.7222 -47.1872 0
64.6511 -49.2614 0
63.2228 -46.959 0
62.63 -54.1202 0
63.8198 -48.7087 0
63.2837 -50.8661 0
66.2844 -51.3945 0
65.3126 -49.4204 0
65.4226 -51.1552 0
65.8308 -51.2915 0
66.6966 -50.4157 0
63.2829 -51.4328 0
63.1398 -50.7559 0
65.4989 -49.9675 0
63.2291 -48.6088 0
64.7723 -51.7646 0
66.3765 -52.171 0
66.0113 -51.8086 0
64.6435 -48.3672 0
64.5662 -50.1354 0
65.1681 -51.3712 0
66.438 -53.1714 0
59.7701 -55.4447 0
65.5576 -51.8858 0
66.25 -52.4858 0
64.4977 -49.4664 0
62.8052 -47.951 0
65.9431 -54.0125 0
64.0847 -52.1159 0
64.0611 -48.0991 0
63.4402 -48.6342 0
65.5226 -49.8344 0
59.6477 -54.7301 0
63.2659 -47.9111 0
64.3056 -51.557 0
63.3201 -52.0109 0
67.4112 -50.9252 0
67.9643 -52.088 0
67.0563 -48.7942 0
67.6635 -50.8086 0
66.1312 -55.1628 0
67.0812 -53.7003 0
67.539 -49.5091 0
68.8876 -52.4279 0
70.0766 -48.4292 0
69.4885 -48.4487 0
68.573 -50.581 0
71.1478 -52.2349 0
69.9694 -51.7709 0
71.364 -47.478 0
72.2837 -48.7221 0
66.9386 -48.2044 0
69.3909 -49.4989 0
69.4707 -48.9567 0
65.7789 -46.8369 0
70.228 -52.1769 0
71.246 -48.981 0
66.1424 -46.9824 0
68.3325 -44.7463 0
69.5773 -48.6287 0
71.0958 -49.8831 0
69.3696 -51.4466 0
72.1004 -48.6324 0
71.7057 -47.7246 0
70.1627 -53.6124 0
68.7696 -51.8339 0
72.1865 -49.4533 0
70.956 -46.2099 0
71.1812 -47.7425 0
70.7916 -51.9624 0
68.4167 -51.3936 0
72.4471 -49.4982 0
69.6093 -51.0763 0
71.5698 -47.5565 0
68.4833 -48.1514 0
71.6146 -48.6823 0
68.7242 -48.7742 0
69.6295 -51.2818 0
66.445 -46.5138 0
61.8525 -46.2578 0
65.864 -43.8853 0
64.9013 -44.3386 0
65.5796 -43.1129 0
63.666 -45.6878 0
65.6755 -44.1753 0
62.2264 -44.3438 0
60.8212 -44.6563 0
59.6656 -44.7481 0
57.3406 -43.9895 0
61.6016 -41.4751 0
59.8886 -44.0758 0
60.8365 -44.7646 0
56.5511 -44.2819 0
56.1454 -43.7307 0
57.2319 -43.9441 0
54.8051 -45.1702 0
53.385 -45.6838 0
53.5015 -45.7066 0
53.7847 -44.3936 0
53.6411 -44.4869 0
53.3814 -45.8207 0
53.5404 -47.2481 0
54.053 -42.1836 0
53.1125 -46.3394 0
53.7707 -45.7932 0
54.8835 -45.6437 0
54.1991 -44.5521 0
52.9598 -45.7493 0
52.9699 -46.137 0
50.2831 -46.2437 0
52.3513 -46.9594 0
51.9649 -49.5575 0
53.2505 -47.001 0
51.1241 -48.157 0
52.1084 -47.0776 0
52.9844 -50.0675 0
52.2509 -49.3224 0
51.711 -45.793 0
50.9544 -50.3006 0
51.2948 -50.3477 0
51.9579 -47.6169 0
50.8405 -47.2888 0
52.3966 -50.4051 0
52.0191 -46.7438 0
53.1387 -48.7453 0
51.5102 -47.8486 0
50.8854 -47.1876 0
51.8906 -45.2169 0
49.1214 -47.9167 0
50.6699 -49.3638 0
52.1761 -49.4541 0
50.7384 -45.6328 0
50.2705 -49.8406 0
52.2899 -47.0097 0
51.7581 -49.7869 0
48.4353 -44.953 0
52.4548 -46.9905 0
49.3321 -48.8842 0
51.7338 -49.3864 0
50.7626 -49.7399 0
48.4494 -45.0749 0
50.8203 -48.6486 0
51.7521 -49.7646 0
50.0796 -45.5943 0
52.8272 -47.4802 0
50.4391 -46.7685 0
51.8482 -48.0192 0
51.3804 -48.4691 0
50.1292 -49.9836 0
52.8734 -48.3777 0
53.0727 -50.0066 0
52.8189 -48.9065 0
51.6624 -49.9251 0
51.4166 -49.3445 0
51.1156 -50.7612 0
50.8739 -46.5222 0
48.394 -47.0968 0
50.7171 -50.3862 0
52.7624 -49.7645 0
51.8306 -50.3648 0
50.7205 -49.5166 0
52.3311 -49.5369 0
50.4161 -50.0761 0
50.6158 -50.231 0
48.7342 -46.7156 0
50.4279 -49.4422 0
51.7842 -46.2544 0
52.9061 -48.8279 0
51.9168 -46.7657 0
51.7368 -46.8976 0
50.154 -49.7867 0
50.2596 -49.5084 0
53.2593 -47.5632 0
49.4382 -48.1062 0
48.8069 -48.7478 0
50.3392 -49.8256 0
50.8241 -47.5705 0
50.4484 -49.346 0
50.9221 -50.1547 0
50.3029 -50.1043 0
49.1384 -46.9963 0
51.4532 -50.4589 0
48.7971 -47.1327 0
51.5139 -47.1527 0
52.8397 -47.3924 0
51.5422 -50.1806 0
50.6054 -47.7829 0
53.0409 -50.2815 0
53.2468 -48.3642 0
49.2253 -45.7916 0
49.0601 -49.1329 0
52.0827 -50.9467 0
52.0513 -49.0137 0
51.6672 -49.7592 0
51.8044 -44.9886 0
49.934 -50.0323 0
52.2778 -47.6532 0
49.2897 -46.68 0
52.6364 -50.0408 0
50.6925 -49.6488 0
52.7855 -47.5294 0
51.806 -46.5735 0
50.9596 -44.5036 0
48.7228 -48.4385 0
53.362 -47.5652 0
51.4984 -44.4684 0
49.5395 -47.9382 0
49.8093 -49.4646 0
51.4325 -46.0257 0
51.6121 -50.6005 0
51.3863 -50.3249 0
51.1991 -50.2396 0
49.312 -48.8115 0
48.5021 -48.154 0
51.2219 -46.9408 0
52.4593 -48.9341 0
52.9622 -50.0048 0
52.4323 -50.9774 0
51.3568 -49.5547 0
51.9339 -49.4422 0
49.8422 -47.0488 0
47.7621 -50.4816 0
48.2142 -50.3377 0
50.0093 -50.7406 0
47.9187 -46.4548 0
46.9296 -48.0936 0
45.6859 -48.1754 0
49.0907 -49.3202 0
47.546 -46.1222 0
47.8591 -49.9505 0
49.0388 -51.665 0
51.0544 -50.9349 0
49.237 -49.6343 0
47.8449 -45.1049 0
52.3305 -51.1203 0
48.5927 -50.1719 0
45.4746 -48.8185 0
47.5711 -44.0514 0
47.0486 -46.6505 0
45.4232 -49.1787 0
50.1544 -50.6592 0
46.1793 -45.4106 0
46.8941 -44.9966 0
46.8164 -48.8921 0
49.7683 -51.2143 0
52.0546 -51.1711 0
49.5054 -50.8144 0
48.9626 -49.6607 0
47.9898 -45.0691 0
49.031 -50.416 0
48.3003 -51.5692 0
47.1024 -47.1084 0
50.3445 -51.9144 0
48.7942 -49.5535 0
46.5348 -49.7621 0
47.6678 -46.0369 0
51.2069 -51.8577 0
45.3241 -46.3476 0
47.3825 -50.1099 0
48.4459 -48.5194 0
47.2077 -47.2229 0
46.7618 -48.8416 0
46.2853 -48.6159 0
49.9907 -51.7637 0
47.1533 -48.9637 0
49.9372 -51.8975 0
45.6439 -49.1706 0
48.3771 -48.7422 0
46.6973 -48.9082 0
49.9185 -50.8218 0
46.149 -48.685 0
50.5842 -51.8689 0
45.9381 -48.0597 0
49.3014 -50.0842 0
45.8646 -49.2848 0
47.0053 -50.9082 0
48.0328 -50.0632 0
45.3774 -49.1865 0
49.1464 -50.0378 0
47.7673 -50.1051 0
47.6143 -48.052 0
48.1396 -50.5812 0
48.0639 -50.1785 0
49.0487 -50.6898 0
47.344 -44.8474 0
46.4078 -44.7075 0
45.9882 -48.5907 0
47.3733 -50.3519 0
49.6948 -50.4153 0
48.2181 -49.697 0
47.2581 -46.4836 0
45.2109 -47.5673 0
50.0158 -50.7682 0
49.3744 -52.0253 0
48.6464 -49.7395 0
45.5793 -49.2004 0
47.3905 -45.4999 0
50.0963 -51.4212 0
51.2647 -50.9253 0
49.0526 -50.4372 0
46.7302 -48.853 0
47.3834 -48.4988 0
46.9567 -50.9886 0
48.9568 -50.1898 0
45.2891 -48.8647 0
47.5397 -50.4314 0
51.4918 -51.0774 0
50.5128 -51.9008 0
51.0072 -51.2093 0
49.5533 -51.0541 0
49.1415 -50.4388 0
47.075 -47.5644 0
49.3614 -50.0671 0
47.8089 -50.5422 0
47.4528 -50.1653 0
47.8601 -47.6526 0
51.1748 -51.0414 0
50.3289 -51.1681 0
48.5398 -49.808 0
47.0293 -51.1555 0
47.284 -49.7704 0
47.0616 -48.7627 0
47.282 -50.5604 0
48.6195 -51.675 0
50.2601 -50.7463 0
49.0934 -42.7003 0
47.83 -46.7051 0
48.2233 -50.4897 0
46.2069 -48.6085 0
47.4369 -51.4013 0
46.0141 -46.4231 0
44.4469 -49.047 0
42.9616 -47.5895 0
45.7281 -50.6112 0
41.1032 -46.2215 0
45.0606 -49.2612 0
42.6209 -49.6193 0
45.2482 -49.824 0
42.2748 -46.7024 0
43.7585 -49.6754 0
43.9676 -47.7273 0
46.0472 -50.9523 0
44.5111 -47.6401 0
44.0039 -49.3408 0
44.0527 -47.8667 0
42.8344 -46.681 0
41.5626 -48.107 0
45.1136 -44.2764 0
42.7724 -45.099 0
46.0479 -50.5095 0
44.3765 -48.9923 0
43.6971 -46.8501 0
42.216 -49.397 0
42.2566 -48.3707 0
43.9285 -50.9217 0
44.8239 -50.871 0
42.2524 -48.978 0
41.6005 -47.1718 0
44.7529 -49.0328 0
44.9744 -49.59 0
44.9954 -49.6975 0
42.4267 -49.8531 0
44.4763 -49.0666 0
44.0829 -49.6065 0
45.3017 -50.7225 0
43.5088 -48.0586 0
41.4591 -47.4688 0
46.2509 -50.9582 0
45.0768 -45.4224 0
42.6623 -45.101 0
45.6165 -50.701 0
44.6274 -47.2337 0
43.5011 -50.7129 0
43.8717 -50.3399 0
42.4564 -47.8843 0
44.5916 -50.2005 0
46.0935 -43.7332 0
44.8528 -46.7102 0
41.4871 -48.506 0
43.7191 -47.7606 0
45.8679 -51.0946 0
42.0617 -47.4775 0
45.5389 -49.8293 0
44.1429 -47.1998 0
43.8766 -46.514 0
46.2382 -50.9873 0
44.9704 -50.7804 0
42.7161 -48.9153 0
42.3848 -49.226 0
44.6388 -47.4583 0
39.8515 -48.6511 0
40.1516 -47.4172 0
45.5995 -51.4615 0
41.7544 -49.8779 0
40.6175 -49.4571 0
40.426 -47.3105 0
40.2676 -49.2605 0
40.0153 -46.5675 0
39.937 -48.0069 0
41.0636 -48.4222 0
45.3187 -51.541 0
46.4962 -51.5965 0
45.9668 -51.8901 0
43.1449 -50.9876 0
40.2856 -48.7945 0
43.446 -50.8062 0
41.1295 -50.1438 0
47.5252 -51.4903 0
39.9042 -47.8562 0
44.8449 -51.6616 0
40.5347 -45.9931 0
40.2945 -46.3165 0
44.7638 -52.4459 0
44.3841 -51.2627 0
42.6816 -51.1274 0
42.22 -51.4853 0
45.2332 -51.9327 0
44.1205 -52.1992 0
44.7176 -52.1047 0
42.0705 -50.4553 0
44.6001 -52.0807 0
42.7272 -50.9577 0
44.4368 -51.4318 0
43.9371 -51.9458 0
46.1336 -52.1423 0
40.579 -48.6198 0
42.241 -50.9812 0
42.9505 -51.5502 0
40.9298 -48.4842 0
41.6696 -49.7733 0
41.3891 -50.3703 0
43.4695 -51.7121 0
39.7022 -47.5292 0
42.2238 -51.3641 0
40.3817 -48.2323 0
42.6243 -50.2748 0
42.306 -51.3291 0
38.1959 -49.9506 0
37.5198 -51.8519 0
41.5994 -53.3094 0
46.3912 -52.431 0
44.048 -52.5854 0
44.4914 -53.3554 0
45.0336 -54.6769 0
37.7591 -50.2951 0
42.3487 -53.5088 0
38.8823 -51.7028 0
39.1281 -51.6584 0
44.656 -55.3991 0
42.543 -54.6145 0
39.3516 -51.6862 0
40.2495 -50.8323 0
40.1529 -55.3841 0
39.2595 -51.8869 0
40.8982 -55.2876 0
41.7605 -53.1943 0
38.8191 -48.5263 0
40.1081 -50.688 0
40.1283 -52.5341 0
38.6478 -51.0936 0
38.595 -51.5213 0
40.016 -52.5269 0
45.7193 -52.3955 0
40.8249 -55.4187 0
37.644 -52.4054 0
40.6051 -50.5615 0
44.4546 -55.5204 0
38.9532 -48.6475 0
45.1189 -54.2599 0
38.9805 -50.8758 0
44.4484 -54.8896 0
38.2609 -50.9674 0
39.5601 -50.7011 0
38.6059 -50.3688 0
43.4194 -53.6553 0
38.5348 -49.6896 0
37.988 -49.7744 0
38.1079 -51.9473 0
44.2345 -53.1785 0
45.494 -53.0732 0
44.3905 -53.3025 0
44.7945 -52.6582 0
41.4909 -52.8692 0
40.2791 -50.1978 0
38.3871 -51.1382 0
38.7157 -47.8906 0
40.2419 -50.8066 0
42.4753 -52.4754 0
46.7129 -52.0979 0
38.9011 -49.2925 0
37.5845 -50.4237 0
45.761 -54.8641 0
46.5879 -52.8244 0
43.3064 -52.6605 0
40.6731 -50.898 0
39.3935 -51.7737 0
38.3928 -49.5887 0
40.7207 -51.2128 0
44.7879 -53.4505 0
38.4434 -49.2658 0
37.7912 -53.2954 0
41.2375 -52.1374 0
38.7025 -53.421 0
38.7845 -52.5706 0
39.9112 -50.6983 0
44.0559 -52.8062 0
41.4203 -52.3797 0
40.4402 -52.6752 0
43.6619 -53.5062 0
41.0554 -52.265 0
44.1165 -52.783 0
38.993 -52.8271 0
37.9535 -50.6035 0
38.031 -50.5623 0
42.7601 -54.2285 0
44.813 -55.5665 0
44.0283 -53.298 0
39.2742 -47.5974 0
37.9885 -51.0711 0
40.4128 -52.1915 0
39.8398 -55.3324 0
38.7475 -50.2118 0
41.8793 -51.772 0
39.1524 -50.201 0
40.461 -50.4814 0
40.1235 -52.3824 0
39.495 -52.6524 0
40.2311 -53.6459 0
43.729 -54.8668 0
43.6489 -55.0138 0
38.3032 -50.5172 0
37.9928 -50.8025 0
37.8297 -50.5775 0
35.7058 -48.9914 0
34.5378 -50.7294 0
36.81 -46.625 0
36.8276 -49.4464 0
35.9997 -54.0994 0
36.4244 -46.601 0
36.392 -47.0151 0
32.987 -50.7256 0
37.306 -52.0662 0
34.0981 -50.3447 0
36.1286 -52.1399 0
38.3924 -47.2251 0
36.0767 -48.4574 0
36.1853 -47.0129 0
37.1861 -52.6558 0
36.288 -50.4399 0
36.8582 -48.7021 0
36.7224 -49.8112 0
33.1601 -50.9284 0
35.347 -50.7657 0
35.9435 -49.3026 0
33.1691 -49.7921 0
34.0629 -52.1421 0
37.875 -54.0254 0
33.2715 -50.8312 0
34.1554 -51.8486 0
34.3457 -51.231 0
36.8393 -52.8352 0
37.2941 -53.934 0
35.2988 -47.5612 0
37.0563 -50.4683 0
34.0044 -47.6201 0
35.0114 -50.4334 0
35.4062 -48.8187 0
36.8666 -49.6724 0
33.4011 -51.2824 0
33.0092 -51.5899 0
37.4217 -48.4136 0
36.0857 -50.2067 0
34.1554 -49.4035 0
37.0726 -50.0988 0
36.7482 -48.1974 0
36.6121 -49.2508 0
36.3037 -47.4922 0
38.0985 -46.5363 0
38.9395 -47.0887 0
36.9685 -50.4937 0
36.8356 -48.0576 0
34.4972 -49.3734 0
36.1027 -51.3142 0
38.1063 -46.5879 0
33.1663 -50.4135 0
36.4498 -46.5946 0
34.9161 -47.763 0
35.8263 -49.4677 0
34.9912 -52.9504 0
34.974 -50.0581 0
36.5447 -46.6911 0
32.0997 -45.8704 0
33.0064 -45.5904 0
33.7711 -43.3575 0
37.8836 -44.3138 0
36.3842 -45.2203 0
37.8864 -45.1437 0
38.0182 -45.0336 0
36.5691 -44.7902 0
36.0234 -44.6901 0
34.4347 -42.6441 0
36.4123 -44.6734 0
32.4191 -45.7367 0
33.5422 -45.511 0
38.9519 -44.8341 0
29.3737 -47.2205 0
28.7396 -46.5851 0
32.0085 -49.3324 0
28.8078 -46.4879 0
29.2063 -46.6247 0
30.4288 -48.149 0
31.7065 -48.7537 0
30.7482 -44.7702 0
30.175 -46.9878 0
29.1458 -45.1694 0
30.6157 -46.9552 0
30.9274 -46.5799 0
30.4206 -48.1765 0
31.6553 -49.0293 0
32.3769 -50.005 0
31.3176 -43.4929 0
32.5287 -50.1698 0
29.0216 -52.6914 0
27.8686 -50.3559 0
28.1942 -51.0313 0
28.0113 -50.2213 0
32.5583 -51.2061 0
32.7048 -53.4019 0
29.9484 -50.4341 0
28.8421 -49.0841 0
29.3985 -49.3186 0
27.9354 -50.8916 0
32.8144 -50.8608 0
32.7237 -50.8316 0
33.093 -52.4857 0
30.2832 -49.4808 0
29.9971 -49.2066 0
30.3047 -49.5957 0
29.8174 -49.5917 0
30.8614 -50.4565 0
28.9598 -52.3986 0
30.4267 -49.4447 0
30.6646 -51.1849 0
28.5888 -52.6872 0
25.7518 -51.7875 0
27.334 -53.0374 0
26.6483 -53.8991 0
24.9022 -51.5151 0
28.9231 -54.5653 0
27.5617 -50.9272 0
26.2699 -52.4521 0
27.1056 -51.6184 0
27.1223 -48.759 0
26.2136 -49.3726 0
27.3039 -53.7061 0
25.4877 -53.9453 0
25.9332 -51.8148 0
24.9461 -49.0022 0
22.3991 -53.8716 0
20.8044 -49.7487 0
18.7205 -50.9868 0
15.8612 -52.8715 0
20.629 -46.0838 0
23.485 -45.9203 0
24.035 -45.3074 0
27.2961 -46.9517 0
31.8476 -56.7834 0
34.7686 -55.2261 0
45.3636 -55.9885 0
47.9772 -54.383 0
47.9167 -55.61 0
47.8165 -53.6226 0
47.738 -55.5447 0
45.2383 -57.9966 0
45.8521 -55.308 0
47.6083 -56.8913 0
45.9937 -56.0974 0
47.6297 -53.8262 0
47.9298 -54.846 0
46.9961 -53.6602 0
47.1557 -52.9568 0
46.9628 -54.1452 0
49.2849 -53.8801 0
50.8968 -52.5355 0
49.6745 -53.0559 0
51.1325 -52.1599 0
48.3865 -52.4845 0
51.5934 -53.1857 0
47.9301 -51.9184 0
49.461 -55.2735 0
48.3947 -53.1304 0
50.4922 -53.642 0
51.5286 -53.0411 0
49.6161 -52.1701 0
49.8174 -53.8746 0
51.6065 -54.1755 0
47.8597 -51.7488 0
47.7709 -51.9588 0
49.9144 -53.1797 0
49.6014 -55.7955 0
49.7376 -52.1374 0
49.9486 -52.876 0
47.9123 -52.2122 0
49.655 -52.9771 0
49.8792 -52.9424 0
49.2176 -52.0215 0
52.4877 -51.7872 0
53.1746 -54.4186 0
53.5583 -52.2403 0
52.9793 -53.2875 0
52.0085 -55.9521 0
52.47 -52.5153 0
52.3724 -51.8384 0
52.1648 -51.8835 0
52.653 -53.0543 0
52.7492 -51.2469 0
53.4193 -53.3238 0
52.9856 -51.7326 0
54.0206 -52.8354 0
53.3015 -52.996 0
52.7492 -51.2793 0
52.1762 -51.8126 0
52.2613 -54.6452 0
51.6586 -52.2303 0
51.8463 -51.6775 0
55.0609 -54.9117 0
54.2389 -54.9059 0
55.5122 -54.6088 0
55.1123 -53.962 0
54.5687 -53.8595 0
55.6576 -54.1881 0
53.6421 -54.3559 0
58.0564 -56.5374 0
57.7791 -55.2045 0
55.7207 -54.8472 0
57.0166 -55.8109 0
57.0161 -54.9983 0
57.6644 -57.8458 0
58.1943 -57.8332 0
58.639 -55.0643 0
58.8681 -55.2945 0
60.4573 -56.2267 0
61.5662 -57.4726 0
63.6598 -58.5635 0
63.9195 -57.4811 0
61.3306 -57.7507 0
70.5966 -54.0502 0
73.1833 -49.92 0
71.7457 -52.4609 0
73.22 -51.7738 0
73.8018 -50.5223 0
73.9696 -48.8612 0
74.8716 -52.6354 0
77.1951 -45.4849 0
74.4033 -49.0191 0
77.5733 -49.4254 0
76.1222 -52.0362 0
80.9645 -52.8588 0
79.0723 -54.8674 0
79.8774 -53.5052 0
79.8511 -52.9168 0
81.3052 -52.0751 0
81.357 -51.9426 0
84.2078 -53.4439 0
82.0024 -48.8367 0
69.3713 -57.2845 0
0.1952 -8.08853 1
-3.33042 -8.00097 1
0.640485 -5.61318 1
-0.461917 -6.70431 1
-3.5767 -6.18242 1
-3.05759 -5.44155 1
-0.415102 -8.91607 1
0.0296153 -11.7701 1
1.92323 -5.34098 1
-0.608262 -3.90174 1
1.94377 -5.48119 1
0.344788 -6.70441 1
0.0856608 -11.9095 1
-2.41197 -8.10551 1
2.62573 -10.6432 1
1.63228 -6.86925 1
-1.6662 -5.5122 1
2.46866 -9.561 1
-3.5216 -8.41866 1
3.47406 -5.30095 1
0.521496 -8.85563 1
2.02982 -7.11388 1
0.742454 -4.63154 1
-1.95453 -5.77783 1
-0.0824657 -4.6712 1
-1.66066 -10.9226 1
0.940253 -3.96137 1
-0.293902 -4.16184 1
-2.10933 -4.77898 1
-0.544407 -7.24345 1
2.39637 -8.79644 1
-0.980169 -10.0771 1
3.00267 -4.32268 1
-1.07611 -7.95434 1
1.76207 -6.22338 1
1.93956 -3.94969 1
-2.01246 -8.15999 1
-0.687553 -5.10841 1
0.710481 -11.8363 1
-0.825973 -11.9735 1
-1.28028 -7.30267 1
-0.975663 -7.92097 1
-1.00571 -11.3289 1
0.111465 -4.21797 1
-0.839688 -3.56811 1
-2.11915 -9.58143 1
-0.25204 -4.8338 1
0.0122717 -11.504 1
-1.41741 -10.3182 1
-4.063 -9.8914 1
-1.34658 -11.4619 1
0.0651734 -8.55028 1
2.75119 -11.3435 1
-1.04606 -6.29149 1
-0.12858 -7.60164 1
-0.373158 -4.30488 1
1.47033 -11.1506 1
0.966181 -8.58139 1
-2.1934 -4.39667 1
1.51534 -7.80239 1
1.03281 -4.39172 1
0.76064 -3.96409 1
-2.05221 -9.42336 1
2.2357 -9.08831 1
-1.83837 -9.61381 1
1.39052 -5.74495 1
-3.88978 -7.49377 1
-4.69276 -7.27589 1
-2.1174 -12.0211 1
2.38943 -10.7313 1
1.818 -3.85384 1
-0.316347 -3.69716 1
-1.6619 -9.82715 1
2.14444 -9.54611 1
1.34956 -8.34011 1
-0.0243522 -5.68443 1
1.48548 -11.2436 1
2.80336 -10.3182 1
-2.71127 -12.0207 1
0.0207746 -12.7191 1
-0.746739 -6.92104 1
2.1902 -8.57769 1
-2.98742 -5.80945 1
0.556877 -7.84242 1
0.155997 -8.10303 1
0.534736 -7.00204 1
-1.32687 -9.05414 1
-0.986919 -8.71905 1
-3.7923 -5.43652 1
1.32018 -8.43565 1
-0.520851 -3.78019 1
-1.84221 -3.72219 1
-2.44202 -9.23912 1
2.31958 -4.88085 1
-1.09323 -5.02767 1
-2.7709 -6.03079 1
4.22625 -9.99655 1
2.65127 -7.12874 1
-0.893517 -7.45622 1
-2.0561 -5.31961 1
1.46944 -8.81566 1
-4.0032 -7.18322 1
-4.09455 -8.63183 1
0.937091 -3.84487 1
4.24738 -6.41382 1
-2.48384 -9.97491 1
4.14946 -5.18231 1
2.33153 -3.62176 1
1.19132 -7.74592 1
1.67287 -10.6634 1
0.852468 -11.3083 1
-1.43799 -11.7627 1
-3.69341 -7.01126 1
0.821355 -8.40214 1
1.88068 -9.92567 1
-0.687543 -4.97887 1
3.2896 -11.3826 1
-0.663847 -12.2088 1
0.748499 -3.6424 1
-2.84236 -11.3035 1
-0.146416 -7.47365 1
2.90299 -4.58981 1
1.94471 -5.96592 1
0.0202204 -3.28753 1
-3.321 -5.6889 1
-0.541584 -7.52695 1
1.82937 -4.53305 1
-0.59347 -7.34599 1
1.40372 -5.06886 1
-2.82587 -11.3694 1
0.015321 -7.59028 1
1.30856 -9.80032 1
-0.617999 -10.0533 1
0.00198188 -7.05479 1
2.12669 -11.5038 1
1.30084 -10.6492 1
1.29385 -3.50064 1
0.0955465 -8.68168 1
1.5177 -3.70615 1
1.12588 -12.3073 1
3.91333 -4.9739 1
-2.94069 -5.75194 1
1.44073 -12.7325 1
1.28844 -6.6629 1
3.96079 -7.44494 1
-0.302107 -7.42713 1
2.97263 -7.8272 1
0.618408 -5.9689 1
3.98384 -8.61907 1
-2.49373 -9.93535 1
-4.07139 -5.52627 1
-1.3299 -8.2244 1
-1.86406 -3.57407 1
-0.382752 -12.1595 1
-1.5077 -11.0836 1
-1.25692 -4.37294 1
2.93457 -3.90684 1
-2.30978 -9.76806 1
-0.930548 -7.36883 1
-0.0865048 -7.65663 1
-2.17976 -3.94768 1
0.424608 -6.28208 1
0.400704 -12.5269 1
1.71358 -3.97241 1
-2.26354 -5.30748 1
3.08852 -9.66114 1
0.517101 -7.68021 1
1.00792 -7.5733 1
-1.45236 -11.9497 1
0.123484 -3.25908 1
-0.513878 -4.67794 1
0.0576839 -4.85798 1
-0.398987 -12.7377 1
-3.00518 -10.8451 1
-0.890016 -8.94998 1
-2.45679 -6.64761 1
1.0697 -9.59547 1
-3.00528 -8.46962 1
0.402882 -9.94331 1
0.875621 -6.39726 1
1.17003 -6.17909 1
-2.40345 -7.35349 1
2.4955 -10.1393 1
-2.35584 -8.20883 1
2.85094 -6.12155 1
-1.09917 -8.77361 1
-4.49148 -8.29495 1
2.83784 -4.41074 1
-1.57287 -4.18424 1
-2.86547 -5.38633 1
-3.2336 -5.58509 1
-2.57955 -5.66965 1
2.46743 -10.1679 1
-2.39536 -8.47661 1
-0.892027 -3.35875 1
-1.98024 -3.90265 1
-1.82567 -5.12112 1
0.988004 -3.82169 1
-0.283562 -8.63581 1
3.20295 -10.6639 1
-0.582839 -4.47367 1
2.68474 -7.58196 1
-2.04 -8.04985 1
-1.98858 -4.30445 1
-2.51928 -3.92068 1
-1.19475 -8.43733 1
3.46743 -8.60359 1
-2.73065 -6.64266 1
0.0807763 -12.2247 1
2.66177 -6.77873 1
-0.263774 -3.73613 1
-1.44446 -7.81813 1
0.239979 -6.66299 1
3.17308 -8.30515 1
-1.37805 -6.66479 1
2.71763 -6.66821 1
2.77909 -6.84654 1
-2.02638 -9.64789 1
1.09982 -5.85986 1
-0.224701 -10.1392 1
1.48749 -10.3605 1
0.90172 -9.73551 1
-0.622275 -7.14087 1
3.11967 -7.44743 1
-1.36039 -12.2304 1
2.44149 -14.6147 1
0.758472 -16.5905 1
-3.98658 -15.9992 1
1.49227 -13.2109 1
-1.41522 -16.7342 1
-4.27103 -14.7469 1
-1.39627 -12.9344 1
1.58382 -14.0449 1
-5.0414 -14.3852 1
2.8237 -13.72 1
0.750254 -14.6505 1
3.05153 -13.2204 1
-4.11012 -12.6333 1
1.30235 -13.8188 1
-0.855479 -13.2844 1
-1.38157 -16.2856 1
0.591806 -15.3122 1
-1.14294 -15.4235 1
-1.27887 -15.8318 1
-0.402449 -16.697 1
-1.42223 -13.284 1
-0.74548 -13.1404 1
0.0448774 -15.4989 1
1.40172 -13.228 1
-1.75281 -14.7737 1
-2.15796 -16.3782 1
-1.79581 -16.0128 1
1.64443 -14.6422 1
-0.123767 -14.5663 1
-1.35913 -15.1692 1
-3.15832 -16.4405 1
-5.43692 -9.77443 1
-1.87344 -15.5591 1
-2.47285 -16.252 1
0.545145 -14.4972 1
2.05923 -12.8035 1
-3.99979 -15.9463 1
-2.10466 -14.0864 1
1.91211 -14.0596 1
1.37649 -13.4391 1
0.177994 -15.5225 1
-4.72239 -9.65145 1
2.0995 -13.2642 1
-1.5456 -14.3068 1
-2.00024 -13.3217 1
-0.91138 -17.4119 1
-2.07374 -17.9659 1
1.21942 -17.0553 1
-0.794521 -17.6641 1
-5.14996 -16.1353 1
-3.68672 -17.0841 1
0.50483 -17.5386 1
-2.41286 -18.8896 1
1.58679 -20.0754 1
1.56679 -19.4873 1
-0.566246 -18.5735 1
-2.21808 -21.1496 1
-1.75501 -19.9708 1
2.53899 -21.362 1
1.29565 -22.2826 1
1.80912 -16.9372 1
0.516589 -19.3904 1
1.05878 -19.4698 1
3.1757 -15.7764 1
-2.16076 -20.2297 1
1.03592 -21.2452 1
3.03044 -16.14 1
5.26832 -18.3283 1
1.38693 -19.5762 1
0.133693 -21.0957 1
-1.43115 -19.3708 1
1.38524 -22.0993 1
2.29269 -21.7039 1
-3.59631 -20.1656 1
-1.81897 -18.771 1
0.564389 -22.1861 1
3.80682 -20.9529 1
2.2744 -21.1794 1
-1.9458 -20.7931 1
-1.37896 -18.4178 1
0.519707 -22.4467 1
-1.06071 -19.6101 1
2.4607 -21.5679 1
1.86332 -18.4818 1
1.33493 -21.6135 1
1.24066 -18.7232 1
-1.2662 -19.6306 1
3.49927 -16.4422 1
3.75161 -11.8495 1
6.12729 -15.8591 1
5.67328 -14.8967 1
6.89946 -15.5741 1
4.32312 -13.6626 1
5.83716 -15.6708 1
5.66589 -12.2219 1
5.35227 -10.817 1
5.25957 -9.66141 1
6.01633 -7.3358 1
8.53413 -11.5948 1
5.93204 -9.88391 1
5.24406 -10.8324 1
5.72328 -6.54659 1
6.27415 -6.14041 1
6.0617 -7.22707 1
4.83361 -4.80121 1
4.31891 -3.38156 1
4.29623 -3.49811 1
5.60939 -3.78022 1
5.51596 -3.63672 1
4.18196 -3.37812 1
2.75471 -3.53817 1
7.81967 -4.04676 1
3.6631 -3.10958 1
4.20978 -3.76732 1
4.36019 -4.87999 1
5.45124 -4.19478 1
4.2531 -2.95646 1
3.8654 -2.96687 1
3.75649 -0.280063 1
3.04247 -2.34889 1
0.444067 -1.96453 1
3.00163 -3.24807 1
1.84387 -1.12259 1
2.92411 -2.10608 1
-0.0651685 -2.98446 1
0.679399 -2.25031 1
4.20835 -1.70766 1
-0.299815 -0.954599 1
-0.346642 -1.29503 1
2.38465 -1.95605 1
2.71186 -0.83836 1
-0.403149 -2.3969 1
3.25777 -2.01647 1
1.25724 -3.13772 1
2.15264 -1.50846 1
2.81309 -0.883142 1
4.78456 -1.88681 1
2.08264 0.88022 1
0.636773 -0.669402 1
0.547677 -2.17563 1
4.3678 -0.73491 1
0.159641 -0.270334 1
2.99214 -2.28747 1
0.214544 -1.75791 1
5.04573 1.56876 1
3.0115 -2.45245 1
1.11532 0.668763 1
0.614999 -1.7333 1
0.260753 -0.762392 1
4.92391 1.55456 1
1.35205 -0.81925 1
0.236768 -1.75196 1
4.40578 -0.0761041 1
2.52206 -2.82522 1
3.23182 -0.436518 1
1.98228 -1.84663 1
1.532 -1.37916 1
0.0164983 -0.129234 1
1.62458 -2.87214 1
-0.00410529 -3.07266 1
1.09572 -2.81806 1
0.0762075 -1.66233 1
0.656597 -1.41607 1
-0.760286 -1.11616 1
3.47853 -0.871103 1
2.90188 1.60835 1
-0.385591 -0.717454 1
0.237679 -2.76218 1
-0.363389 -1.83093 1
0.483989 -0.720112 1
0.464984 -2.33078 1
-0.0757376 -0.416184 1
-0.230546 -0.61598 1
3.2834 1.26839 1
0.558165 -0.427419 1
3.74707 -1.78124 1
1.17444 -2.90513 1
3.23584 -1.91425 1
3.10378 -1.73432 1
0.213403 -0.153811 1
0.491794 -0.25919 1
2.43937 -3.2574 1
1.89336 0.563298 1
1.25121 1.19409 1
0.174637 -0.33908 1
2.43018 -0.822144 1
0.654361 -0.447916 1
-0.153995 -0.922183 1
-0.104046 -0.30295 1
3.00305 0.86396 1
-0.457731 -1.45355 1
2.86635 1.20515 1
2.84846 -1.51167 1
2.60984 -2.83757 1
-0.179364 -1.54237 1
2.21759 -0.60365 1
-0.27904 -3.04114 1
1.63834 -3.24548 1
4.20777 0.778086 1
0.866336 0.940571 1
-0.945048 -2.08341 1
0.987921 -2.05052 1
0.24217 -1.66697 1
5.01281 -1.80039 1
-0.0323084 0.065993 1
2.34862 -2.2759 1
3.31945 0.712968 1
-0.0387406 -2.63643 1
0.351795 -0.692215 1
2.47284 -2.78355 1
3.42792 -1.80324 1
5.49713 -0.955214 1
1.56045 1.27844 1
2.43747 -3.3601 1
5.53277 -1.49404 1
2.06141 0.462136 1
0.535226 0.191088 1
3.97541 -1.4293 1
-0.599225 -1.61259 1
-0.323758 -1.38657 1
-0.23865 -1.19926 1
1.18799 0.688906 1
1.84484 1.49941 1
3.06016 -1.21947 1
1.06786 -2.45848 1
-0.00248062 -2.96222 1
-0.975436 -2.43305 1
0.446372 -1.35647 1
0.559381 -1.93343 1
2.95103 0.160131 1
-0.483358 2.23753 1
-0.339117 1.78549 1
-0.740554 -0.00992249 1
3.54354 2.08408 1
1.90396 3.07191 1
1.8212 4.31553 1
0.679056 0.909852 1
3.87584 2.45708 1
0.047772 2.1409 1
-1.66575 0.959915 1
-0.934033 -1.05509 1
0.3651 0.763331 1
4.89343 2.15902 1
-1.11842 -2.33136 1
-0.173054 1.40718 1
1.17794 4.52635 1
5.94671 2.43365 1
3.34713 2.95407 1
0.817676 4.57748 1
-0.659109 -0.154962 1
4.58638 3.82433 1
5.00089 3.10992 1
1.10535 3.18446 1
-1.2145 0.230736 1
-1.16948 -2.05551 1
-0.814771 0.493938 1
0.338443 1.03762 1
4.92929 2.0141 1
-0.416742 0.968678 1
-1.57052 1.69843 1
2.88929 2.89989 1
-1.91416 -0.346019 1
0.445535 1.20616 1
0.235143 3.46534 1
3.96127 2.33538 1
-1.85678 -1.20843 1
3.64869 4.67879 1
-0.111979 2.61745 1
1.47935 1.55523 1
2.77486 2.79456 1
1.15581 3.23909 1
1.38111 3.71581 1
-1.7637 0.0079275 1
1.034 2.84747 1
-1.89757 0.0612839 1
0.825899 4.35672 1
1.25648 1.62393 1
1.08918 3.30359 1
-0.821884 0.0808817 1
1.31197 3.852 1
-1.86841 -0.585663 1
1.9371 4.06349 1
-0.0847699 0.698546 1
0.711869 4.13601 1
-0.910601 2.994 1
-0.0647974 1.96717 1
0.809772 4.62322 1
-0.0384527 0.85361 1
-0.106855 2.23266 1
1.94611 2.38725 1
-0.582695 1.85994 1
-0.180028 1.93596 1
-0.690544 0.950714 1
5.15052 2.66006 1
5.28965 3.59638 1
1.40607 4.0129 1
-0.354019 2.62639 1
-0.415582 0.30483 1
0.301541 1.78214 1
3.51426 2.74468 1
2.42884 4.79102 1
-0.768164 -0.0164212 1
-2.02576 0.623988 1
0.259406 1.35377 1
0.796115 4.42138 1
4.498 2.61309 1
-1.42111 -0.0974088 1
-0.92429 -1.26539 1
-0.43799 0.947073 1
1.14437 3.2707 1
1.49916 2.61781 1
-0.991023 3.04256 1
-0.190598 1.04301 1
1.13159 4.71175 1
-0.433325 2.46 1
-1.07622 -1.49263 1
-1.90041 -0.514319 1
-1.20845 -1.00816 1
-1.05449 0.44586 1
-0.439478 0.858176 1
2.43326 2.9269 1
-0.0675836 0.638563 1
-0.543907 2.19071 1
-0.16735 2.54709 1
2.34573 2.14172 1
-1.04046 -1.17561 1
-1.1678 -0.329863 1
0.190833 1.4604 1
-1.15789 2.96982 1
0.227463 2.71622 1
1.23499 2.9394 1
-0.562578 2.7176 1
-1.6761 1.37915 1
-0.746115 -0.260674 1
7.29895 0.912386 1
3.2932 2.17258 1
-0.491133 1.77627 1
1.38848 3.7942 1
-1.4033 2.56194 1
3.57374 3.98871 1
0.948551 5.55391 1
2.40494 7.04031 1
-0.61462 4.27145 1
3.77142 8.89982 1
0.734849 4.93997 1
0.374853 7.37936 1
0.172227 4.75198 1
3.29149 7.72777 1
0.319611 6.2418 1
2.26785 6.03419 1
-0.955422 3.95202 1
2.35552 5.49081 1
0.654452 5.99664 1
2.12852 5.949 1
3.31332 7.16824 1
1.88631 8.4389 1
5.71966 4.89098 1
4.89521 7.23151 1
-0.51263 3.95168 1
1.00322 5.62427 1
3.1449 6.30539 1
0.596813 7.78443 1
1.62318 7.74474 1
-0.926537 6.07079 1
-0.87516 5.17539 1
1.01587 7.7484 1
2.82148 8.40179 1
0.963001 5.24787 1
0.405982 5.02593 1
0.298522 5.00482 1
0.140825 7.57344 1
0.928953 5.52445 1
0.388808 5.91739 1
-0.726284 4.69775 1
1.93619 6.49271 1
2.52438 8.54295 1
-0.961216 3.74836 1
4.57363 4.9268 1
4.89318 7.34156 1
-0.704515 4.38289 1
2.76198 5.37484 1
-0.718035 6.49831 1
-0.344789 6.12799 1
2.10973 7.54525 1
-0.204813 5.4082 1
6.26368 3.91151 1
3.28571 5.14981 1
1.48725 8.51409 1
2.23442 6.28268 1
-1.09793 4.13124 1
2.51615 7.94031 1
0.167191 4.46127 1
2.79552 5.85934 1
3.48113 6.12621 1
-0.990342 3.76101 1
-0.784431 5.02896 1
1.07888 7.2848 1
0.767978 7.61583 1
2.53738 5.3632 1
1.3408 10.1495 1
2.57494 9.85049 1
-1.46496 4.3993 1
0.115534 8.24565 1
0.53543 9.38294 1
2.68192 9.57614 1
0.731725 9.73303 1
3.42456 9.98741 1
1.98508 10.0646 1
1.57067 8.93769 1
-1.54477 4.68011 1
-1.59931 3.50248 1
-1.89333 4.0317 1
-0.993102 6.8543 1
1.19775 9.71536 1
-0.811369 6.55334 1
-0.150912 8.87036 1
-1.49222 2.47363 1
2.13574 10.0975 1
-1.66572 5.15375 1
3.99937 9.46846 1
3.67579 9.7084 1
-2.45008 5.23424 1
-1.26722 5.61488 1
-1.13326 7.31748 1
-1.49148 7.77885 1
-1.93648 4.76527 1
-2.20391 5.87775 1
-2.10891 5.2807 1
-0.461658 7.92912 1
-2.08503 5.39825 1
-0.96346 7.27202 1
-1.43624 5.56209 1
-1.9506 6.06137 1
-2.14535 3.86472 1
1.3727 9.42208 1
-0.987421 7.75826 1
-1.55585 7.04827 1
1.50855 9.07139 1
0.220055 8.33054 1
-0.377115 8.61057 1
-1.71731 6.52911 1
2.46262 10.2998 1
-1.3703 7.77508 1
1.76008 9.61975 1
-0.280648 7.37547 1
-1.33525 7.69292 1
0.0400328 11.8041 1
-1.86186 12.4787 1
-3.31606 8.398 1
-2.43388 3.60688 1
-2.59011 5.94997 1
-3.35977 5.50595 1
-4.68081 4.96266 1
-0.304866 12.2406 1
-3.51489 7.64846 1
-1.71163 11.1164 1
-1.66705 10.8705 1
-5.40338 5.33972 1
-4.62045 7.45329 1
-1.69468 10.6471 1
-0.840025 9.74988 1
-5.39196 9.84281 1
-1.89549 10.739 1
-5.29485 9.09761 1
-3.20088 8.23693 1
1.46483 11.1821 1
-0.695888 9.89137 1
-2.54197 9.86973 1
-1.10269 11.3514 1
-1.53039 11.4037 1
-2.53481 9.98201 1
-2.39887 4.27882 1
-5.42597 9.17076 1
-2.41529 12.3541 1
-0.568976 9.3945 1
-5.52482 5.54096 1
1.34371 11.0479 1
-4.26383 4.87768 1
-0.884543 11.0188 1
-4.89406 5.54772 1
-0.97671 11.7383 1
-0.709393 10.4394 1
-0.377917 11.3938 1
-3.66055 6.57772 1
0.301288 11.4654 1
0.21599 12.0122 1
-1.9568 11.8905 1
-3.18311 5.76293 1
-3.07683 4.50354 1
-3.307 5.60687 1
-2.6623 5.20335 1
-2.87595 8.50677 1
-0.205536 9.72073 1
-1.14745 11.612 1
2.10045 11.2859 1
-0.81435 9.75746 1
-2.48142 7.5227 1
-2.10053 3.28542 1
0.69864 11.0994 1
-0.43358 12.4151 1
-4.86746 4.23513 1
-2.82707 3.40987 1
-2.66586 6.69147 1
-0.90544 9.32614 1
-1.78219 10.6051 1
0.402087 11.6075 1
-1.22021 9.27833 1
-3.45469 5.20938 1
0.724972 11.5572 1
-3.30509 12.2061 1
-2.14442 8.76082 1
-3.43 11.2948 1
-2.57956 11.2135 1
-0.706305 10.0882 1
-2.81089 5.9419 1
-2.38653 8.57778 1
-2.68284 9.5577 1
-3.51122 6.33528 1
-2.27208 8.94278 1
-2.78766 5.88131 1
-2.83588 11.0048 1
-0.613113 12.046 1
-0.571869 11.9686 1
-4.23429 7.23649 1
-5.57066 5.18259 1
-3.30273 5.96907 1
2.39404 10.7277 1
-1.08067 12.0107 1
-2.19911 9.58547 1
-5.34049 10.156 1
-0.220786 11.2524 1
-1.77847 8.11929 1
-0.20959 10.8474 1
-0.489011 9.5386 1
-2.39025 9.87464 1
-2.66079 10.5029 1
-3.65368 9.76595 1
-4.87183 6.26717 1
-5.01884 6.34715 1
-0.52652 11.6964 1
-0.812016 12.0065 1
-0.587223 12.1699 1
0.997178 14.295 1
-0.741717 15.4616 1
3.36448 13.1927 1
0.543145 13.1728 1
-4.11055 13.9971 1
3.38823 13.5783 1
2.9741 13.6104 1
-0.739115 17.0124 1
-2.07629 12.6923 1
-0.357325 15.9016 1
-2.1509 13.8697 1
2.7657 11.6098 1
1.53155 13.9245 1
2.97607 13.817 1
-2.66598 12.8118 1
-0.45081 13.7117 1
1.28745 13.1429 1
0.178242 13.2778 1
-0.941831 16.8391 1
-0.777395 14.6524 1
0.686169 14.0571 1
0.194521 16.8311 1
-2.15477 15.9354 1
-4.03501 12.1218 1
-0.84453 16.7278 1
-1.86123 15.8432 1
-1.24347 15.6533 1
-2.84565 13.1584 1
-3.9441 12.7028 1
2.4271 14.7032 1
-0.478562 12.9434 1
2.36712 15.9975 1
-0.445309 14.9883 1
1.1697 14.5948 1
0.317098 13.1336 1
-1.29558 16.5978 1
-1.60345 16.9895 1
1.57635 12.5796 1
-0.217776 13.9141 1
0.583844 15.8451 1
-0.109129 12.9273 1
1.79206 13.2533 1
0.738518 13.3885 1
2.49685 13.6983 1
3.45426 11.9043 1
2.90246 11.0628 1
-0.504118 13.0311 1
1.93194 13.166 1
0.61427 15.5033 1
-1.32524 13.8962 1
3.40259 11.8964 1
-0.426915 16.8334 1
3.39458 13.5529 1
2.22496 15.0857 1
0.52102 14.1742 1
-2.96237 15.0064 1
-0.0700158 15.0259 1
3.29818 13.4579 1
4.11535 17.9036 1
4.39607 16.9971 1
6.62955 16.2342 1
5.67657 12.1209 1
4.76883 13.6196 1
4.84668 12.1175 1
4.95684 11.9858 1
5.1991 13.435 1
5.29876 13.9808 1
7.34352 15.5711 1
5.31578 13.5919 1
4.24928 17.5843 1
4.47591 16.4614 1
5.15713 11.0522 1
2.76306 20.6285 1
3.39798 21.2631 1
0.653273 17.992 1
3.49521 21.195 1
3.35875 20.7964 1
1.83539 19.5727 1
1.2317 18.2945 1
5.21451 19.2559 1
2.99645 19.8274 1
4.81398 20.858 1
3.02937 19.3867 1
3.40491 19.0753 1
1.80788 19.5808 1
0.956084 18.3455 1
-0.019026 17.6231 1
6.49218 18.6876 1
-0.183728 17.4712 1
-2.70809 20.9762 1
-0.373509 22.1311 1
-1.04869 21.805 1
-0.238803 21.9885 1
-1.22 17.4408 1
-3.41565 17.2925 1
-0.450098 20.0512 1
0.899095 21.1586 1
0.665014 20.6021 1
-0.909181 22.0638 1
-0.874529 17.1849 1
-0.845391 17.2757 1
-2.49914 16.905 1
0.503525 19.7172 1
0.777479 20.0036 1
0.388641 19.6956 1
0.392189 20.1829 1
-0.471703 19.1382 1
-2.41535 21.0383 1
0.539756 19.5737 1
-1.2003 19.3344 1
-2.70424 21.4091 1
-1.80677 24.2468 1
-3.05548 22.6636 1
-3.91771 23.3486 1
-1.5351 25.0966 1
-4.58208 21.0733 1
-0.945056 22.4376 1
-2.47098 23.7282 1
-1.63665 22.8931 1
1.22275 22.8786 1
0.608413 23.7869 1
-3.72419 22.6931 1
-3.96477 24.5092 1
-1.83395 24.0653 1
0.977877 25.0547 1
-3.89354 27.5978 1
0.228097 29.1958 1
-1.01169 31.2787 1
-2.89869 34.1365 1
3.89278 29.3741 1
4.05854 26.5182 1
4.6719 25.9687 1
3.03024 22.7063 1
-6.79787 18.147 1
-5.23824 15.2273 1
-5.99216 4.63159 1
-4.38466 2.01932 1
-5.61167 2.07883 1
-3.62431 2.18058 1
-5.54651 2.25756 1
-8.00036 4.7553 1
-5.3113 4.14366 1
-6.89321 2.38626 1
-6.10062 4.00146 1
-3.82804 2.36722 1
-4.84761 2.06636 1
-3.66262 3.00102 1
-2.95907 2.84193 1
-4.14762 3.03389 1
-3.88063 0.711977 1
-2.53481 -0.898805 1
-3.05616 0.323105 1
-2.15895 -1.13425 1
-2.48583 1.61153 1
-3.18442 -1.59595 1
-1.92005 2.0684 1
-5.27392 0.534772 1
-3.13173 1.60281 1
-3.64157 -0.495068 1
-3.03988 -1.53101 1
-2.17042 0.382186 1
-3.87471 0.17951 1
-4.17424 -1.6098 1
-1.75051 2.13894 1
-1.9606 2.22751 1
-3.17978 0.0830983 1
-5.79581 0.394019 1
-2.13757 0.260694 1
-2.87601 0.049087 1
-2.21391 2.08598 1
-2.97738 0.342643 1
-2.94252 0.118461 1
-2.02213 0.780799 1
-1.78522 -2.4891 1
-4.41603 -3.17809 1
-2.23749 -3.56007 1
-3.2851 -2.98192 1
-5.95054 -2.01328 1
-2.51332 -2.472 1
-1.8365 -2.37388 1
-1.88174 -2.16634 1
-3.05221 -2.65539 1
-1.24472 -2.75017 1
-3.3211 -3.42192 1
-1.73026 -2.98696 1
-2.83221 -4.02284 1
-2.99337 -3.30389 1
-1.2771 -2.75021 1
-1.81086 -2.17763 1
-4.64336 -2.26498 1
-2.22902 -1.66041 1
-1.67608 -1.84767 1
-4.90764 -5.06478 1
-4.90253 -4.24284 1
-4.60444 -5.51583 1
-3.95796 -5.11549 1
-3.85588 -4.57175 1
-4.18356 -5.66089 1
-4.35297 -3.64552 1
-6.53096 -8.06161 1
-5.19828 -7.7832 1
-4.84269 -5.7246 1
-5.80536 -7.0212 1
-4.99269 -7.02005 1
-7.83965 -7.67067 1
-7.8267 -8.20057 1
-5.05743 -8.64303 1
-5.28739 -8.87231 1
-6.21842 -10.4623 1
-7.46336 -11.5721 1
-8.55264 -13.6666 1
-7.47005 -13.9254 1
-7.74169 -11.3367 1
-4.03382 -20.5999 1
0.0985048 -23.1833 1
-2.44361 -21.7477 1
-1.7553 -23.2214 1
-0.503319 -23.8022 1
1.1579 -23.9687 1
-2.61557 -24.8737 1
4.53674 -27.1915 1
1.00037 -24.4025 1
0.596564 -27.5728 1
-2.0154 -26.1238 1
-2.83418 -30.9668 1
-4.84427 -29.0762 1
-3.48136 -29.8802 1
-2.89303 -29.8534 1
-2.05014 -31.3068 1
-1.91767 -31.3586 1
-3.41665 -34.2105 1
1.18883 -32.0015 1
-7.26905 -19.3771 1
55.8831 -5.55441 2
53.3394 -7.99722 2
54.4381 -3.49584 2
54.4373 -5.04692 2
51.8743 -6.89219 2
51.7134 -6.00198 2
56.0414 -6.5704 2
58.3818 -8.26328 2
55.1476 -2.39305 2
52.3435 -3.17831 2
55.2617 -2.47715 2
55.0052 -4.47395 2
58.5203 -8.32162 2
54.0601 -7.41838 2
59.4085 -5.62595 2
56.0285 -3.67539 2
52.7429 -5.06333 2
58.5292 -4.97584 2
53.5016 -8.42701 2
56.2107 -1.26324 2
56.6577 -5.86255 2
56.482 -3.56518 2
53.8126 -2.73248 2
52.7286 -5.45511 2
53.2602 -3.34638 2
56.5901 -8.86749 2
53.4758 -2.12028 2
52.7495 -3.13806 2
51.9101 -4.86203 2
54.7622 -5.48499 2
57.9353 -4.48906 2
56.4684 -7.78901 2
55.184 -0.909537 2
54.893 -6.36304 2
55.661 -3.12861 2
54.1708 -1.40219 2
54.38 -7.17293 2
53.1448 -4.08393 2
58.908 -7.82622 2
57.924 -9.0142 2
54.2864 -6.0494 2
54.94 -6.2682 2
57.3396 -8.68817 2
53.0747 -2.88962 2
51.9436 -3.10787 2
55.3146 -8.24919 2
53.2563 -3.58128 2
58.1806 -8.08835 2
56.3319 -8.26927 2
54.1667 -9.84818 2
57.1942 -9.02393 2
56.1196 -5.97178 2
59.9943 -6.02977 2
53.7329 -5.17131 2
55.3093 -5.44171 2
52.7953 -3.29504 2
58.9558 -6.80388 2
56.7759 -5.35364 2
51.5794 -4.65266 2
56.609 -4.41525 2
53.8466 -2.35743 2
53.3513 -2.24978 2
55.2495 -8.09038 2
58.0295 -4.80863 2
55.5353 -8.07253 2
55.0597 -3.0558 2
52.5854 -8.03757 2
51.8655 -8.45462 2
57.0489 -9.96512 2
59.3048 -5.85587 2
54.0172 -1.42108 2
52.4036 -2.82695 2
55.811 -8.09733 2
58.2905 -5.19567 2
56.8743 -4.91148 2
54.0208 -4.01826 2
59.0325 -6.85852 2
59.3027 -5.27107 2
56.6306 -10.3867 2
59.0497 -8.93754 2
54.3908 -5.40179 2
57.6348 -4.48155 2
52.0241 -6.21108 2
55.9628 -5.12427 2
55.8658 -5.59247 2
55.3503 -4.5485 2
55.4977 -7.31526 2
55.499 -6.83793 2
51.1927 -6.52034 2
56.9215 -4.9996 2
52.3187 -3.03066 2
51.3474 -3.92847 2
54.8442 -8.23761 2
55.0998 -1.78764 2
52.802 -4.31528 2
52.3337 -6.21307 2
60.0757 -4.03389 2
56.93 -3.1342 2
54.6677 -5.88274 2
52.3316 -5.20474 2
57.2965 -5.16104 2
52.285 -7.89956 2
53.2497 -8.98405 2
53.3908 -2.04052 2
57.5456 -1.49719 2
55.3375 -8.7852 2
56.6018 -0.699964 2
54.2138 -0.892945 2
56.3408 -4.60567 2
58.7523 -6.31709 2
58.6329 -7.35373 2
57.3436 -9.30063 2
52.3809 -7.55847 2
56.5466 -5.33035 2
58.3744 -5.65019 2
53.0528 -3.99276 2
60.401 -5.6748 2
58.2053 -9.06469 2
53.1142 -2.03199 2
56.0289 -9.97498 2
55.2059 -5.3643 2
55.3036 -1.16837 2
55.6067 -2.81765 2
52.3495 -2.29955 2
51.7037 -6.36319 2
54.9656 -5.68252 2
54.5077 -1.89107 2
54.8005 -5.59202 2
54.5887 -2.57056 2
56.0873 -10.0097 2
55.4026 -5.3315 2
57.8827 -5.96837 2
56.7064 -7.51496 2
55.0128 -4.96407 2
59.6686 -6.58619 2
58.4803 -6.57132 2
53.3974 -1.54482 2
56.2343 -6.04269 2
53.7009 -1.53045 2
59.535 -7.86268 2
56.2876 -0.72101 2
52.0161 -6.1374 2
60.0586 -7.93825 2
55.6399 -3.7744 2
58.0763 -2.42652 2
55.0632 -5.44215 2
57.6524 -3.39752 2
54.6753 -3.76189 2
58.9266 -3.23656 2
55.3024 -8.76438 2
51.06 -6.78176 2
54.9062 -6.73341 2
51.2268 -3.83973 2
58.3681 -8.8303 2
56.8121 -8.87215 2
52.2217 -3.97073 2
54.8407 -0.665226 2
55.313 -8.51596 2
54.5795 -5.84753 2
55.378 -5.45053 2
51.27 -4.32695 2
54.7614 -4.11999 2
59.1806 -8.53236 2
54.0279 -1.57872 2
52.177 -5.34356 2
59.0367 -4.60601 2
55.8196 -5.03836 2
56.0891 -4.61445 2
57.4663 -9.44242 2
52.402 -2.20617 2
52.9613 -3.65758 2
53.4915 -3.37829 2
58.7674 -9.24877 2
55.5887 -9.76801 2
55.7312 -6.93163 2
52.993 -6.42408 2
57.5691 -5.99386 2
53.9012 -8.09611 2
57.3468 -6.71236 2
55.1606 -3.88068 2
55.2129 -3.51799 2
53.5319 -6.88302 2
58.9589 -5.36378 2
54.173 -7.45123 2
56.3551 -2.28346 2
55.4587 -6.95606 2
52.731 -9.0289 2
55.1306 -1.08861 2
51.8652 -4.06236 2
51.8094 -5.82664 2
51.6914 -6.22804 2
52.2118 -5.82294 2
58.9595 -5.40387 2
54.3354 -7.66777 2
51.7581 -2.9977 2
51.3785 -4.15353 2
52.3528 -4.90134 2
53.4102 -1.98804 2
55.9349 -6.27971 2
59.8295 -5.23053 2
52.7677 -3.56279 2
57.2755 -3.42941 2
54.2824 -7.11497 2
51.658 -4.44227 2
51.0119 -4.54913 2
55.1526 -6.78727 2
58.5521 -3.59249 2
52.7967 -6.61513 2
58.7407 -8.54689 2
56.6888 -2.88038 2
52.4683 -2.81703 2
54.537 -6.52883 2
54.902 -4.51924 2
58.133 -3.59153 2
53.7644 -5.66988 2
56.6496 -2.76291 2
56.8195 -2.84477 2
55.4272 -8.23007 2
54.9367 -3.34317 2
57.0443 -7.29606 2
58.4065 -6.23551 2
57.5503 -6.21175 2
54.6346 -5.46811 2
57.4861 -3.02577 2
57.7304 -9.57464 2
62.1 -8.55219 2
62.3189 -11.1383 2
58.5591 -14.0928 2
60.4347 -8.2384 2
60.8911 -12.7836 2
57.4693 -13.4135 2
58.2052 -10.0957 2
61.0916 -8.76035 2
56.6702 -13.7062 2
61.7335 -7.65093 2
60.9351 -9.77871 2
61.5389 -7.13742 2
56.0812 -11.8115 2
60.7329 -8.80116 2
58.8345 -9.95785 2
60.5961 -12.4439 2
61.2936 -10.357 2
60.1517 -11.6677 2
60.3461 -12.0516 2
61.5775 -12.038 2
58.4353 -10.3602 2
58.8096 -9.77837 2
61.0412 -10.8769 2
60.3831 -8.31474 2
59.2608 -11.6435 2
60.1154 -13.0606 2
60.1108 -12.5462 2
61.5586 -9.13772 2
60.2601 -10.3403 2
59.8189 -11.6422 2
59.4556 -13.8151 2
53.1165 -10.7418 2
59.7339 -12.282 2
59.8042 -13.1955 2
60.6819 -9.81657 2
60.5444 -7.54891 2
58.5123 -14.065 2
58.525 -11.4097 2
61.3331 -8.53749 2
60.5153 -8.48123 2
61.1517 -10.799 2
53.5321 -10.1477 2
60.9 -7.84459 2
59.075 -11.1677 2
58.0552 -10.7973 2
61.7271 -12.9027 2
61.3026 -14.1183 2
62.9736 -11.1381 2
61.9886 -12.9972 2
57.837 -15.015 2
59.5409 -14.6434 2
62.814 -11.9859 2
61.72 -15.0093 2
65.3775 -13.0028 2
64.9456 -12.6031 2
62.7952 -13.4751 2
63.4625 -16.4616 2
62.951 -15.303 2
66.9616 -13.2319 2
66.7405 -14.7632 2
63.3047 -10.636 2
64.1377 -13.2809 2
64.5757 -12.9516 2
63.442 -8.84829 2
62.8494 -15.7735 2
65.8207 -14.2175 2
63.5981 -9.20739 2
66.7277 -9.15793 2
64.8822 -12.7934 2
65.0795 -14.7531 2
62.7528 -14.6506 2
66.6733 -14.5705 2
67.0311 -13.6476 2
61.7934 -16.7481 2
62.0538 -14.504 2
66.1572 -15.2146 2
67.5634 -12.0434 2
66.6457 -13.2914 2
63.4009 -16.0173 2
62.1125 -13.9428 2
66.3109 -15.4298 2
63.1835 -14.556 2
67.0527 -13.4325 2
64.4401 -11.6847 2
66.2928 -14.2643 2
64.1733 -12.297 2
63.0534 -14.7163 2
64.1427 -9.08704 2
61.0579 -5.67524 2
65.5782 -6.80981 2
64.5751 -6.45497 2
65.9193 -6.06074 2
62.7481 -6.54541 2
65.2403 -6.88339 2
62.6698 -4.57755 2
61.451 -3.81147 2
60.5649 -3.06398 2
59.4456 -0.889552 2
64.2431 -2.09868 2
61.1963 -2.74289 2
61.3858 -3.89917 2
58.6787 -0.542239 2
58.7779 0.134962 2
59.4003 -0.780791 2
56.8127 0.0542623 2
55.442 0.687856 2
55.5088 0.58971 2
56.6334 1.32396 2
56.4657 1.35859 2
55.3431 0.592992 2
54.4522 -0.533507 2
58.3785 2.70644 2
54.7872 0.413428 2
55.6392 0.338818 2
56.5354 -0.337484 2
56.8166 0.919831 2
55.0937 0.940314 2
54.8282 0.65758 2
52.8429 2.47131 2
53.81 0.50797 2
51.7081 -1.06728 2
54.42 -0.153918 2
52.0952 0.519665 2
53.5542 0.594794 2
52.0742 -2.14689 2
52.0767 -1.10126 2
54.1751 1.78748 2
50.4671 -0.884864 2
50.6759 -1.15774 2
53.0679 0.31719 2
52.5043 1.3363 2
51.4189 -1.97342 2
53.7254 0.894879 2
53.1138 -1.31539 2
52.5867 0.467413 2
52.6073 1.37669 2
54.7079 2.07071 2
50.8406 2.09895 2
50.9237 -0.0188211 2
51.9309 -1.14226 2
53.5963 2.58542 2
50.3044 -0.0768721 2
53.7309 0.515449 2
51.3997 -1.0849 2
52.437 4.68841 2
53.8617 0.413083 2
50.31 1.26297 2
51.6641 -0.783109 2
50.7251 -0.351379 2
52.3614 4.59189 2
51.5336 0.383808 2
51.4112 -1.06492 2
53.1551 3.0761 2
53.782 -0.196966 2
52.5848 1.98849 2
52.707 0.108378 2
52.058 0.117546 2
50.1034 -0.0792408 2
53.1837 -0.867517 2
52.1798 -2.16559 2
52.773 -1.20513 2
51.2345 -1.11589 2
51.4681 -0.530281 2
50.2577 -1.32568 2
53.0671 1.85786 2
50.9 3.19338 2
50.2382 -0.778883 2
52.1294 -1.77531 2
51.0448 -1.54682 2
50.8522 -0.163044 2
51.983 -1.31021 2
50.2423 -0.34673 2
50.2753 -0.597324 2
51.41 3.22513 2
50.6965 0.0956574 2
53.9027 1.40803 2
52.8903 -1.2105 2
53.6373 0.951254 2
53.4166 0.984087 2
50.2595 0.0433321 2
50.5303 0.166918 2
54.0308 -0.559894 2
50.9325 1.74143 2
50.0324 1.72925 2
50.3638 -0.114606 2
52.2945 1.14763 2
50.7787 0.149564 2
50.5467 -0.758465 2
50.142 -0.28714 2
51.5 2.74132 2
50.7104 -1.34823 2
51.1614 2.88436 2
53.0787 0.959433 2
53.8526 -0.143305 2
50.9694 -1.213 2
51.9896 1.1504 2
51.9639 -2.33871 2
53.4586 -1.12052 2
52.4089 3.53666 2
49.9416 1.27742 2
50.8148 -2.13771 2
52.1519 -0.741477 2
51.3546 -1.00126 2
54.8072 2.29367 2
49.9304 0.0234985 2
53.2698 0.0664694 2
51.8299 2.8598 2
51.8455 -1.88316 2
50.7393 -0.237314 2
53.7178 -0.202598 2
53.6937 1.16583 2
54.5477 3.23258 2
50.1902 2.0083 2
54.1025 -0.633527 2
54.9555 2.87865 2
51.1226 1.7896 2
50.241 0.514696 2
53.8134 1.81794 2
50.7238 -1.56068 2
50.7571 -1.20591 2
50.6839 -1.01362 2
50.3468 1.32878 2
50.2334 2.36584 2
53.0201 1.31548 2
52.498 -0.97183 2
52.1025 -2.0867 2
51.0418 -2.40539 2
51.2777 -0.637661 2
51.7671 -0.963478 2
51.9633 2.20898 2
48.0704 1.23152 2
48.493 1.01581 2
49.4858 -0.533039 2
51.0137 3.98404 2
49.1579 3.51463 2
48.2163 4.33116 2
49.8316 1.12276 2
50.9826 4.48262 2
48.5128 1.5408 2
48.1457 -0.507637 2
50.0921 -1.40612 2
49.7147 0.796617 2
51.9105 4.99568 2
50.8689 -2.43539 2
48.8786 0.867508 2
47.6138 4.0226 2
52.4568 5.93718 2
50.2574 4.45686 2
47.3239 3.80268 2
49.6462 -0.57727 2
50.5115 5.94969 2
51.3107 5.7413 2
48.5159 3.02655 2
48.9813 -0.700319 2
50.637 -2.27751 2
49.0757 -0.23112 2
49.5011 0.970741 2
52.0387 4.91915 2
49.0186 0.385766 2
47.6881 0.0798105 2
49.9737 4.09349 2
48.8985 -1.60327 2
49.4568 1.16544 2
47.7039 2.6061 2
51.1292 4.45764 2
49.5515 -2.16952 2
49.2445 5.88501 2
48.0619 1.76273 2
49.9365 2.1455 2
49.9679 3.93806 2
48.5126 3.10085 2
48.3326 3.59644 2
48.753 -1.24727 2
48.7051 2.73869 2
48.6209 -1.30481 2
47.4865 3.65314 2
49.7308 2.03554 2
48.4199 3.09892 2
49.3641 -0.5269 2
48.1871 3.64317 2
49.101 -1.73945 2
48.4769 4.23609 2
49.4441 0.431452 2
47.563 3.41679 2
47.2323 1.46046 2
48.557 1.33856 2
47.2858 3.82926 2
49.3666 0.573494 2
48.3388 1.49554 2
49.674 3.06268 2
48.2687 0.895188 2
48.4981 1.23473 2
48.8386 0.178626 2
51.7356 5.53096 2
51.1684 6.28881 2
48.1391 3.82326 2
47.8852 1.59709 2
49.491 -0.0806569 2
48.9463 1.46855 2
50.5238 4.4282 2
48.3062 5.09747 2
49.471 -0.557226 2
48.1309 -0.999813 2
49.2209 1.13712 2
47.4196 3.67749 2
51.3097 5.03438 2
49.069 -1.07805 2
50.2483 -1.54721 2
49.019 0.355465 2
48.4821 3.11498 2
49.1956 2.90747 2
47.1412 1.43752 2
49.1249 0.598728 2
47.4495 4.12017 2
47.9475 1.42364 2
50.3028 -1.81508 2
49.0278 -1.71196 2
49.8656 -1.56801 2
48.9411 -0.435246 2
49.0811 0.291839 2
49.6335 3.78856 2
49.4988 0.401442 2
48.061 1.15555 2
48.0729 1.67388 2
50.1297 3.17374 2
50.1028 -1.56654 2
49.4124 -1.06172 2
49.0969 1.16345 2
47.0754 1.26778 2
48.2306 2.07338 2
48.7812 2.94616 2
47.6736 1.51314 2
47.8406 -0.219915 2
49.66 -0.713479 2
54.4892 5.82701 2
50.7746 3.8685 2
48.3925 0.901338 2
48.282 3.65684 2
47.1924 0.806374 2
49.682 5.34606 2
46.7224 4.5829 2
46.6916 6.66364 2
46.5332 2.56984 2
46.3325 8.94314 2
47.0081 3.99897 2
45.0219 5.46021 2
46.7456 3.467 2
46.8272 7.77728 2
45.7911 4.6203 2
47.3098 5.85811 2
46.5202 2.10292 2
47.7575 5.53793 2
46.2009 4.6856 2
47.2723 5.69918 2
47.2401 7.39896 2
45.3331 7.27963 2
50.5514 7.50547 2
48.3085 8.5672 2
46.8321 2.41723 2
46.7109 4.67126 2
47.7345 6.67201 2
44.8904 5.90299 2
45.641 6.60413 2
45.0355 3.61473 2
45.7077 3.021 2
45.2109 6.1753 2
46.0176 7.91781 2
46.95 4.37776 2
46.7156 3.82586 2
46.6549 3.73468 2
44.7193 5.43057 2
46.7295 4.54825 2
46.0702 4.44112 2
46.1517 2.79057 2
46.7507 5.94524 2
45.7083 7.80612 2
46.6608 1.95547 2
49.7194 6.7166 2
48.2289 8.64321 2
46.3907 2.58442 2
48.126 5.74503 2
44.8785 4.06375 2
45.4043 4.06823 2
46.1251 6.80934 2
46.0141 3.66105 2
51.6301 7.20252 2
48.6545 5.95868 2
44.9988 7.04907 2
47.1098 6.00927 2
46.2926 2.12783 2
46.1305 7.37611 2
46.9486 3.25881 2
47.8054 6.10988 2
48.0984 6.78474 2
46.6313 1.94368 2
45.8755 2.98239 2
45.5846 5.89376 2
45.1306 5.9059 2
47.9762 5.57731 2
43.734 8.09615 2
44.815 8.76234 2
45.8438 2.05578 2
44.224 5.88573 2
43.7117 6.98448 2
45.0852 8.64523 2
43.6011 7.37033 2
45.3158 9.46224 2
44.2478 8.49401 2
44.7566 7.40648 2
45.5882 2.19674 2
46.3863 1.32913 2
45.8035 1.49276 2
44.432 4.11892 2
43.9417 7.68894 2
44.7737 4.03618 2
43.5927 6.13616 2
47.1926 0.681048 2
44.3304 8.62423 2
45.1666 2.44419 2
46.089 9.5053 2
45.6908 9.44432 2
44.5574 1.94367 2
45.1195 3.05184 2
44.0044 4.34535 2
43.4245 4.41563 2
45.252 1.97843 2
44.2735 2.57147 2
44.7645 2.21872 2
44.0426 5.25294 2
44.6978 2.31843 2
44.1562 4.43398 2
45.0381 2.89461 2
44.3214 2.88066 2
45.7447 1.19621 2
44.2732 7.60679 2
43.7939 4.7592 2
43.8982 3.85569 2
44.6179 7.45645 2
44.2373 6.01973 2
43.618 5.79262 2
44.1533 3.37559 2
44.4168 8.99878 2
43.5125 4.49906 2
44.4054 8.02109 2
44.5633 4.99183 2
43.5955 4.46613 2
41.6431 8.3367 2
39.8253 7.46049 2
41.7005 3.55532 2
45.7248 0.809773 2
43.9504 2.34797 2
43.7241 1.48872 2
43.1802 0.167914 2
41.0902 8.39895 2
42.093 2.88652 2
40.8987 6.60833 2
41.1047 6.46698 2
42.4038 -0.0799754 2
41.4535 1.96381 2
41.244 6.29007 2
42.4829 6.26569 2
39.213 3.09761 2
41.0374 6.2121 2
39.8107 2.64209 2
41.8959 3.52377 2
43.0878 8.91101 2
42.4838 6.46767 2
41.1999 5.14106 2
41.1604 7.20632 2
40.8222 6.93935 2
41.1251 5.22517 2
45.2721 1.30758 2
39.6665 2.60044 2
39.5242 6.97966 2
42.9261 6.2081 2
42.1753 -0.0245955 2
43.0978 8.73053 2
43.534 0.40431 2
41.5501 7.12722 2
42.6145 0.428229 2
40.9742 7.56813 2
42.0851 6.84377 2
41.6404 7.75104 2
42.751 2.02941 2
42.0676 8.28389 2
41.6191 8.60817 2
40.1762 6.97908 2
43.6659 1.79508 2
44.6353 0.984156 2
43.6895 1.59723 2
44.4299 1.77118 2
41.933 3.94451 2
42.9502 6.69589 2
40.9438 7.35793 2
43.4614 9.43561 2
42.4956 6.28927 2
42.9097 3.53214 2
46.1877 0.820305 2
42.6072 8.30856 2
40.8757 8.43033 2
43.5656 -0.476738 2
45.588 0.391802 2
43.3703 2.81606 2
42.7379 5.92098 2
41.2123 6.19834 2
42.0376 8.45551 2
42.5503 5.66372 2
43.8679 1.21255 2
42.3006 8.64945 2
39.0031 6.24345 2
42.2674 4.64296 2
39.5625 5.51328 2
40.2189 6.06014 2
42.3367 6.59883 2
43.8007 2.18545 2
42.227 4.34215 2
41.3224 4.82138 2
43.0284 1.96485 2
42.0483 4.68036 2
43.8601 2.15931 2
40.1867 5.73117 2
41.0115 8.043 2
41.0956 8.01779 2
41.8792 2.08553 2
42.3977 -0.309395 2
43.4352 1.8552 2
44.0646 9.25123 2
40.7075 7.68601 2
41.6431 5.18455 2
39.0268 3.3546 2
41.8515 7.76308 2
42.9807 4.45138 2
42.147 7.48603 2
42.88 6.36633 2
41.3032 5.2523 2
40.6664 5.50233 2
40.4911 4.27831 2
42.1191 0.9504 2
41.9588 0.902261 2
41.3208 7.85846 2
40.8996 7.87391 2
40.9418 8.14857 2
40.5474 10.7698 2
38.4948 10.3557 2
42.9966 11.6756 2
41.0249 9.65744 2
37.1639 6.93183 2
42.7394 11.9639 2
42.4251 11.6923 2
37.395 11.4491 2
39.5226 7.45855 2
38.4527 10.9385 2
38.6337 8.23424 2
43.6995 10.1362 2
41.1866 10.8887 2
42.2797 11.8391 2
39.0227 7.12373 2
39.9426 9.33066 2
41.5701 10.1651 2
40.6935 9.47212 2
37.3754 11.1831 2
39.0445 9.76078 2
40.4975 10.3814 2
38.1809 11.9847 2
37.1636 9.68538 2
38.5492 5.66557 2
37.5229 11.1739 2
37.4357 9.82899 2
38.0054 10.1342 2
38.65 7.24006 2
38.2005 6.1391 2
41.2639 12.0729 2
40.4688 8.77017 2
40.3022 12.9412 2
39.0396 10.2331 2
40.4558 11.1034 2
40.8937 9.46928 2
37.2978 10.762 2
36.8028 10.819 2
42.1736 9.97385 2
39.9628 9.63868 2
39.1553 11.5672 2
40.7403 9.02129 2
41.8468 10.6012 2
41.0092 9.94807 2
42.0268 11.4151 2
43.975 10.8325 2
44.1844 9.84828 2
40.3885 8.81375 2
42.0073 10.6392 2
39.4195 11.3483 2
39.196 8.83942 2
43.9442 10.7903 2
37.7419 11.5448 2
42.7619 11.9505 2
40.8499 12.1985 2
40.2981 10.3465 2
37.2551 8.45788 2
39.277 10.5262 2
42.7615 11.8152 2
40.1787 15.5247 2
41.0202 15.0861 2
43.1342 16.1357 2
45.3853 12.5636 2
43.6818 12.9737 2
44.8036 11.9717 2
44.9747 11.9572 2
44.1158 13.1494 2
43.7982 13.6043 2
44.1077 16.1762 2
44.0864 13.3427 2
40.4998 15.3951 2
41.4569 14.7658 2
45.7788 11.4424 2
37.2912 16.482 2
37.2873 17.3797 2
37.6791 13.1276 2
37.4041 17.4009 2
37.5913 17.0233 2
37.3883 15.0799 2
37.8714 13.7515 2
39.9917 17.2573 2
38.0246 16.0839 2
38.5717 18.1005 2
38.3608 15.7972 2
38.8463 15.8447 2
37.3632 15.0661 2
37.6411 13.5916 2
37.468 12.3904 2
41.2947 17.7649 2
37.46 12.1665 2
33.1934 12.8403 2
34.0162 15.3115 2
33.7727 14.6024 2
34.2123 15.3069 2
36.7522 11.409 2
35.3121 9.74492 2
35.4397 13.7932 2
35.6028 15.531 2
35.8333 14.9731 2
33.687 14.8837 2
37.1771 11.4743 2
37.1332 11.5589 2
36.2325 10.1232 2
36.3483 14.2355 2
36.3376 14.6317 2
36.2827 14.1387 2
35.939 14.4842 2
36.0731 13.1353 2
33.3553 13.0919 2
36.4757 14.1603 2
35.4209 12.7558 2
32.8886 13.1477 2
31.5045 15.7825 2
31.7503 13.7812 2
30.6568 13.6509 2
31.0921 16.5737 2
31.8055 11.5774 2
33.3962 15.1212 2
31.4054 14.9457 2
32.5859 14.9506 2
34.6087 16.9716 2
33.5312 17.1745 2
31.2586 13.327 2
29.7992 14.4343 2
31.6143 15.6355 2
32.8906 18.3293 2
27.6553 16.6588 2
29.4212 20.7114 2
27.069 21.2967 2
23.7108 21.9677 2
31.874 23.4401 2
34.0193 21.5477 2
34.8413 21.5967 2
36.0033 18.1343 2
32.3246 7.94378 2
35.4964 6.99664 2
42.4924 -0.996629 2
45.4794 -1.69337 2
44.5735 -2.5231 2
45.9001 -1.03975 2
44.4924 -2.35101 2
40.991 -2.33609 2
43.3182 -0.856402 2
43.4532 -3.21706 2
42.8637 -1.51718 2
45.6241 -1.0531 2
45.1202 -1.98912 2
45.2903 -0.489499 2
45.8985 -0.101711 2
44.9256 -0.810887 2
46.7629 -2.25549 2
48.8544 -2.43323 2
47.6194 -1.94354 2
49.2861 -2.33196 2
47.1056 -0.631548 2
48.8924 -3.38536 2
47.1793 0.0919198 2
45.9081 -3.36995 2
46.6572 -1.0965 2
47.7886 -2.93525 2
48.948 -3.23698 2
48.2009 -1.27276 2
47.1453 -2.62607 2
48.2055 -4.09823 2
47.2485 0.262005 2
47.0377 0.175099 2
47.7029 -2.20028 2
45.6408 -3.83975 2
48.3103 -1.33494 2
47.9409 -2.00843 2
46.96 -0.104446 2
47.661 -1.87383 2
47.8448 -2.00685 2
48.0221 -0.886867 2
50.5116 -3.02008 2
49.1494 -5.37382 2
50.9541 -4.09515 2
49.806 -4.43239 2
47.2419 -5.64402 2
49.987 -3.52525 2
50.3937 -2.97541 2
50.2144 -2.86146 2
49.738 -4.03713 2
51.0775 -2.81988 2
50.0932 -4.76765 2
50.904 -3.33145 2
50.8642 -4.84333 2
50.2401 -4.45178 2
51.0547 -2.84292 2
50.2723 -2.81907 2
48.3407 -4.89263 2
49.6106 -2.75206 2
50.1328 -2.49108 2
50.1436 -7.05098 2
49.5633 -6.46883 2
50.6774 -7.15307 2
50.848 -6.41207 2
50.5336 -5.95684 2
51.0767 -6.9562 2
49.5258 -5.65803 2
51.1298 -10.3134 2
51.87 -9.17079 2
50.658 -7.46925 2
50.9015 -9.0657 2
51.4726 -8.4876 2
49.931 -10.9679 2
50.3165 -11.3317 2
52.58 -9.67592 2
52.581 -10.0007 2
53.0551 -11.7811 2
52.9672 -13.4466 2
53.6884 -15.6946 2
54.6342 -15.1077 2
52.6041 -13.4786 2
61.794 -17.3645 2
66.5376 -16.2475 2
63.7286 -17.0428 2
65.26 -17.5912 2
66.5537 -17.1106 2
67.8412 -16.0477 2
65.8281 -19.3652 2
72.5087 -15.9159 2
68.0385 -16.465 2
70.0063 -18.9832 2
67.1386 -19.8188 2
70.0025 -23.8091 2
67.2448 -23.9063 2
68.7752 -23.504 2
69.1702 -23.0673 2
70.7959 -23.4915 2
70.9259 -23.4338 2
71.8968 -26.506 2
73.5691 -21.6796 2
58.6483 -18.8021 2
25.1952 -12.0221 3
21.6696 -12.0002 3
25.6405 -11.4033 3
24.5381 -11.6761 3
25.04 -7.04897 3
24.5166 -9.44062 3
21.4233 -11.5456 3
21.9424 -11.3604 3
23.2148 -10.6223 3
28.7565 -10.07 3
28.0425 -10.5872 3
25.9486 -8.61152 3
24.5849 -12.229 3
25.4441 -10.4911 3
25.0296 -12.9425 3
28.0016 -10.812 3
26.9232 -11.3352 3
22.5871 -14.7224 3
26.8439 -10.2806 3
27.9241 -10.5265 3
22.5661 -9.09828 3
29.8336 -11.2003 3
24.6609 -9.55363 3
26.5868 -15.0188 3
22.4099 -8.51251 3
21.1194 -9.82201 3
28.7516 -12.9624 3
27.4049 -8.23992 3
26.3408 -7.46262 3
24.3917 -10.9754 3
24.2594 -10.0025 3
22.4652 -10.2247 3
26.5668 -14.8718 3
21.6402 -8.62351 3
28.5435 -9.47898 3
26.904 -9.23202 3
27.4415 -13.6537 3
24.3854 -8.93214 3
24.9348 -10.7461 3
24.4338 -14.6434 3
26.9438 -11.3703 3
22.7819 -15.2874 3
25.3448 -11.6761 3
23.245 -14.9927 3
25.6794 -10.5626 3
25.7348 -8.76501 3
25.3749 -8.15516 3
23.535 -8.90018 3
25.0857 -12.9774 3
22.588 -12.0264 3
27.6257 -12.6608 3
25.1722 -8.81201 3
29.2083 -10.4269 3
26.6323 -11.7173 3
26.8212 -8.92112 3
24.7002 -10.2386 3
23.3338 -11.3781 3
24.6534 -10.3238 3
25.7585 -14.1476 3
27.4687 -12.3902 3
25.6791 -9.77254 3
21.4784 -12.1047 3
28.4741 -11.3252 3
27.3846 -10.489 3
25.5215 -12.2139 3
27.7119 -10.2096 3
28.8758 -9.38573 3
24.5969 -10.5992 3
25.0478 -9.46477 3
23.3343 -9.76002 3
25.1155 -7.93859 3
27.0298 -11.7785 3
25.7425 -11.1579 3
28.2578 -10.5041 3
21.0134 -13.9998 3
23.0455 -11.4445 3
24.066 -10.2638 3
26.2572 -10.7844 3
25.3651 -9.80917 3
27.1526 -10.3771 3
21.9438 -9.91922 3
24.16 -7.56253 3
24.9175 -11.1678 3
23.3393 -12.7307 3
27.8131 -10.2208 3
25.9403 -10.9903 3
24.7061 -11.0405 3
29.7846 -10.4717 3
27.539 -15.3405 3
22.8907 -11.1947 3
27.0826 -9.77994 3
25.3196 -8.43955 3
25.5354 -7.65427 3
24.4556 -11.8109 3
27.3964 -12.1991 3
24.0198 -12.5193 3
27.2678 -8.49145 3
25.6368 -10.1674 3
28.0027 -11.0807 3
24.0886 -14.353 3
23.9239 -11.9886 3
26.4923 -13.3027 3
26.7621 -11.5558 3
26.9396 -10.9874 3
23.5848 -14.1836 3
25.5477 -10.5439 3
22.9875 -12.04 3
29.3678 -10.1837 3
23.8816 -10.5828 3
24.3124 -11.2771 3
20.3956 -11.379 3
20.729 -13.6867 3
26.2956 -15.5707 3
22.841 -10.2836 3
25.7105 -12.9591 3
24.0446 -9.012 3
25.1596 -10.0676 3
24.174 -12.9934 3
26.8091 -14.2343 3
25.7317 -7.56674 3
23.7197 -11.8257 3
27.9921 -10.5719 3
25.2145 -10.4395 3
26.4648 -7.20448 3
24.0243 -11.9802 3
23.9943 -12.8322 3
28.0115 -10.6131 3
25.1115 -11.0545 3
26.1153 -9.83281 3
24.1603 -10.892 3
22.8808 -12.3954 3
24.748 -11.2084 3
25.0123 -12.876 3
21.3757 -9.45485 3
24.3041 -7.52716 3
23.5826 -12.5795 3
20.937 -12.4728 3
23.6037 -13.2336 3
23.6534 -12.8655 3
25.0652 -12.1376 3
27.7512 -12.8359 3
23.9539 -11.5729 3
24.8269 -9.6482 3
24.8714 -11.9004 3
24.6268 -11.0762 3
26.4703 -12.7877 3
26.9851 -7.48385 3
27.3555 -8.6273 3
25.615 -10.4333 3
22.9263 -14.4915 3
26.1779 -8.86841 3
25.9662 -12.1453 3
28.3471 -9.26148 3
22.8066 -11.0992 3
25.2608 -10.1906 3
26.5153 -11.9506 3
26.0328 -11.0979 3
25.7606 -10.991 3
26.5707 -7.76558 3
22.9478 -12.3558 3
27.2357 -12.2721 3
25.6545 -8.50084 3
27.1285 -8.51275 3
25.8177 -8.85563 3
23.1616 -12.4035 3
26.3905 -11.4362 3
21.1102 -11.8734 3
24.3409 -10.0387 3
23.4552 -8.82997 3
26.5838 -13.5112 3
25.0985 -15.7958 3
23.4007 -9.12438 3
22.5564 -15.4369 3
22.5142 -9.59712 3
20.3072 -11.819 3
26.3521 -10.2048 3
25.2368 -10.438 3
22.8826 -13.0053 3
27.3894 -12.6828 3
26.818 -10.9635 3
29.4058 -10.019 3
22.6011 -8.9303 3
24.6837 -10.9243 3
23.3381 -12.4568 3
20.584 -10.7945 3
27.1444 -12.3865 3
26.3496 -12.085 3
28.3133 -8.20794 3
24.9756 -11.4211 3
22.7625 -10.89 3
26.4855 -12.8109 3
27.5221 -10.7063 3
27.8034 -12.5796 3
22.2887 -13.0052 3
21.8156 -10.399 3
25.0208 -13.1798 3
26.1053 -9.20388 3
26.8863 -7.89027 3
24.2533 -11.7303 3
27.8237 -13.43 3
27.1902 -12.1444 3
23.7855 -9.94232 3
23.8305 -10.5139 3
24.1852 -9.87652 3
25.7503 -13.6626 3
22.0126 -11.4524 3
28.2318 -10.1091 3
25.5569 -11.9606 3
23.1067 -8.99208 3
26.9823 -10.4617 3
25.3384 -9.74059 3
23.0799 -9.4829 3
25.156 -12.0258 3
24.431 -7.65138 3
25.5347 -11.7505 3
23.6731 -12.2635 3
26.532 -10.3448 3
25.0165 -10.0323 3
26.6246 -10.718 3
24.0069 -8.28642 3
28.0515 -13.3051 3
26.3437 -7.23802 3
24.9959 -10.7682 3
24.5833 -9.75783 3
26.1978 -7.57116 3
21.8683 -9.5993 3
26.0957 -10.7045 3
23.4295 -9.57539 3
24.0131 -12.1798 3
20.8899 -13.1583 3
21.2077 -11.3591 3
26.3202 -12.1089 3
27.8893 -9.27503 3
23.0858 -10.0865 3
24.4874 -9.01208 3
24.1155 -7.24529 3
24.4791 -10.945 3
23.1578 -10.9305 3
25.4455 -9.69846 3
25.2351 -9.13366 3
28.9613 -9.41616 3
25.0762 -10.4156 3
22.558 -12.3098 3
26.3023 -13.4547 3
27.3196 -11.2202 3
25.6566 -10.354 3
21.3584 -10.1238 3
23.9068 -11.2569 3
22.2291 -11.5077 3
24.1886 -8.36166 3
24.2397 -10.279 3
26.0032 -8.59393 3
28.4785 -10.2178 3
27.9019 -9.59791 3
24.8491 -7.78241 3
29.2263 -12.4991 3
24.1445 -13.3211 3
24.6144 -10.1794 3
24.2906 -7.39016 3
21.9601 -10.3828 3
24.6221 -7.15154 3
27.6513 -11.7822 3
28.1449 -8.42365 3
25.3013 -7.13365 3
24.1065 -11.8641 3
25.2377 -10.6905 3
24.6366 -10.4577 3
22.9439 -11.3299 3
25.484 -10.18 3
26.4694 -12.2039 3
20.9968 -11.7958 3
23.2447 -15.8054 3
23.6184 -14.0714 3
20.9054 -12.158 3
29.3189 -10.8454 3
25.9371 -10.9612 3
29.2474 -11.6035 3
25.465 -10.5827 3
22.5162 -12.4937 3
25.5166 -14.8476 3
24.9243 -10.104 3
23.5078 -9.38159 3
29.2962 -10.8745 3
24.7695 -10.154 3
27.1357 -7.47562 3
25.5968 -8.05389 3
29.1495 -11.2956 3
27.3315 -10.9054 3
26.1913 -11.9365 3
25.5918 -13.828 3
26.6729 -12.6659 3
23.1432 -10.3021 3
28.2834 -9.6829 3
26.6232 -8.06381 3
25.5582 -10.1069 3
28.6487 -8.8303 3
23.8571 -13.8559 3
25.8525 -12.8271 3
23.3343 -8.71156 3
26.0588 -14.8675 3
28.7471 -10.4453 3
26.1744 -10.7263 3
21.8169 -8.55927 3
23.562 -12.9407 3
24.888 -9.34564 3
21.9232 -8.87412 3
28.2358 -10.4786 3
28.1038 -10.4336 3
24.0735 -8.4823 3
21.3066 -11.7528 3
26.4793 -9.61119 3
27.7749 -9.30136 3
21.693 -8.59828 3
25.2134 -10.0385 3
22.8296 -9.90445 3
24.1248 -8.70615 3
25.8214 -12.1005 3
23.7211 -13.958 3
21.1253 -9.95512 3
26.1558 -9.19023 3
26.8807 -12.4814 3
21.7149 -10.7455 3
22.3377 -8.69916 3
24.3125 -11.2447 3
28.1757 -13.9441 3
28.2896 -12.8456 3
26.3811 -9.07105 3
25.4918 -10.0648 3
24.3362 -13.0522 3
27.4394 -10.8143 3
26.8934 -9.85918 3
23.2363 -9.99802 3
26.2512 -9.70148 3
25.7485 -10.9106 3
26.034 -9.28813 3
25.1746 -10.0848 3
26.0159 -8.0629 3
22.4867 -10.618 3
22.5499 -8.69144 3
23.1024 -9.98468 3
27.8215 -7.89955 3
22.1576 -12.8259 3
24.8536 -11.8684 3
25.963 -8.68803 3
27.903 -11.1475 3
23.7328 -8.59628 3
24.7945 -7.56982 3
26.9447 -11.4915 3
25.0202 -10.8219 3
24.5976 -14.1742 3
21.679 -11.4222 3
23.1635 -10.5935 3
25.8259 -8.91082 3
24.4584 -11.8817 3
26.8294 -11.1333 3
26.2565 -9.59402 3
25.406 -8.74352 3
23.8667 -8.17063 3
23.1183 -10.5416 3
26.0892 -9.1741 3
26.0004 -16.1006 3
24.4065 -11.8365 3
23.5778 -13.321 3
20.8258 -10.4024 3
24.1781 -9.97978 3
25.5966 -16.8932 3
23.5085 -8.05529 3
27.4302 -10.2055 3
26.4037 -11.2672 3
26.312 -9.037 3
23.1316 -10.1464 3
22.1741 -12.8424 3
25.0153 -11.8976 3
26.3086 -12.4501 3
24.382 -12.5133 3
26.9371 -8.98413 3
24.9152 -9.82536 3
25.7119 -8.966 3
24.0894 -9.2515 3
25.2985 -8.74879 3
25.002 -11.7637 3
22.8392 -15.0574 3
25.1408 -8.10664 3
24.1857 -7.56063 3
21.9478 -10.6638 3
24.9352 -9.50821 3
24.4967 -15.9505 3
25.929 -8.61889 3
27.1267 -12.8759 3
26.0359 -15.3113 3
23.7553 -10.6875 3
26.3008 -12.6623 3
24.2545 -13.2851 3
22.5186 -8.11932 3
25.8098 -8.84419 3
25.0449 -13.8747 3
21.042 -11.2789 3
22.8995 -9.17865 3
26.2938 -10.8752 3
25.0955 -12.1704 3
24.9615 -9.7866 3
26.4017 -13.307 3
25.6986 -7.22514 3
25.3888 -8.52065 3
23.2472 -13.6934 3
26.5177 -10.9265 3
26.1259 -13.0768 3
25.6544 -10.112 3
28.9133 -11.2435 3
22.0593 -11.438 3
26.4407 -13.1831 3
24.2737 -8.82556 3
26.2884 -11.6657 3
28.9608 -11.8612 3
22.1729 -9.14753 3
21.1441 -11.1429 3
29.182 -10.8445 3
24.8931 -9.44184 3
26.9362 -8.37682 3
24.6979 -11.8568 3
22.3341 -8.32713 3
28.0304 -14.035 3
21.172 -9.40819 3
23.0635 -8.80868 3
27.9726 -11.9568 3
24.0946 -7.66847 3
26.9461 -9.40319 3
27.5244 -7.86426 3
24.846 -10.2305 3
25.6184 -11.4922 3
24.896 -10.0757 3
28.9838 -12.1548 3
22.5063 -12.4838 3
24.4173 -9.53502 3
28.0031 -9.78401 3
24.0388 -9.06291 3
22.842 -14.0946 3
20.9286 -11.3816 3
23.2042 -14.0032 3
22.7961 -8.53056 3
24.82 -9.51601 3
23.6701 -12.0561 3
24.5423 -10.3634 3
24.3095 -9.76232 3
23.1359 -10.8935 3
27.8663 -9.69871 3
26.6444 -13.6606 3
27.8485 -10.3779 3
24.6172 -13.0399 3
27.6098 -10.7094 3
24.8206 -10.3856 3
21.6789 -10.8555 3
27.2176 -10.1509 3
25.4021 -7.09812 3
26.4061 -8.99678 3
24.721 -10.7603 3
26.6383 -10.8114 3
23.4923 -12.7709 3
23.7431 -11.0932 3
24.8762 -13.6416 3
24.646 -9.3434 3
29.2078 -9.80548 3
27.9346 -10.9767 3
23.7798 -7.68042 3
21.5453 -8.69765 3
22.6902 -12.442 3
24.5844 -9.92379 3
26.3869 -14.8941 3
25.8663 -9.76486 3
25.3015 -9.55447 3
24.0695 -11.8422 3
24.055 -10.5209 3
27.7547 -10.8845 3
25.9879 -10.5126 3
28.5143 -9.31383 3
26.2194 -14.2638 3
24.9135 -11.9142 3
25.725 -7.11071 3
22.8911 -8.67982 3
23.6409 -13.7923 3
21.8417 -14.1101 3
22.8202 -10.9869 3
25.4246 -11.5705 3
24.2955 -8.90428 3
25.4007 -13.1317 3
27.4288 -8.80225 3
25.2422 -10.4167 3
28.6631 -10.7774 3
25.1337 -15.2739 3
24.2318 -10.0041 3
27.762 -8.65629 3
23.5689 -14.8427 3
26.7136 -10.9931 3
24.282 -8.37542 3
24.9677 -9.9835 3
24.6552 -8.468 3
26.3852 -15.5248 3
22.7365 -11.3269 3
23.2495 -9.46526 3
27.3486 -10.569 3
28.0885 -12.4153 3
22.9742 -9.844 3
25.5171 -11.9201 3
25.2594 -9.66156 3
24.5383 -8.01772 3
26.0079 -11.8933 3
23.0394 -9.44312 3
23.5476 -12.9874 3
21.3374 -9.24975 3
25.1235 -10.8148 3
24.4861 -11.1695 3
29.2098 -10.9418 3
25.0577 -11.2145 3
22.8556 -7.8098 3
28.3194 -9.82176 3
23.2697 -10.7467 3
27.1097 -8.11369 3
25.7961 -8.89465 3
21.8202 -9.97923 3
24.601 -13.1844 3
21.9948 -12.7113 3
27.2927 -15.426 3
24.2937 -7.47794 3
22.1891 -8.51452 3
24.11 -12.2375 3
21.4037 -15.0414 3
23.5789 -10.0244 3
22.915 -8.65044 3
22.6135 -7.85556 3
24.2055 -14.416 3
22.5432 -11.6619 3
24.0757 -10.3163 3
26.0697 -12.3989 3
24.0365 -8.182 3
21.9947 -12.1174 3
24.562 -9.76323 3
24.7952 -8.64795 3
23.181 -14.6928 3
25.4029 -12.4858 3
28.2857 -8.71255 3
25.8756 -11.5993 3
26.17 -11.5448 3
24.9613 -10.6591 3
23.1266 -13.8898 3
23.5638 -8.60948 3
22.5965 -11.8384 3
27.4955 -12.5348 3
26.1444 -9.18232 3
26.4873 -7.87148 3
26.4992 -9.34555 3
22.7279 -7.7643 3
22.6442 -12.0522 3
27.2344 -8.42933 3
24.009 -9.23936 3
27.8509 -11.5304 3
23.9021 -8.96719 3
23.0494 -8.48466 3
24.8094 -9.73925 3
23.9008 -12.1934 3
22.8547 -9.03382 3
26.1316 -8.82206 3
20.5085 -12.0737 3
24.5667 -9.385 3
26.3727 -7.64448 3
27.8378 -11.1027 3
27.5161 -8.01492 3
22.2123 -8.52967 3
23.9238 -10.3732 3
29.3231 -13.4156 3
23.0996 -10.1286 3
25.3518 -10.1731 3
23.4271 -11.0461 3
22.8624 -9.93483 3
25.5644 -15.5465 3
22.1345 -11.3466 3
21.7664 -11.3963 3
22.5272 -14.063 3
22.4205 -11.4174 3
27.4674 -12.542 3
27.4728 -10.6959 3
25.5451 -13.6243 3
28.4279 -10.4508 3
22.124 -9.98773 3
23.7916 -10.252 3
22.6046 -12.1192 3
24.108 -10.8397 3
25.1672 -8.88468 3
28.8068 -15.2382 3
23.9455 -9.88853 3
22.1678 -11.0057 3
23.0198 -10.9757 3
27.7955 -8.53517 3
29.3602 -11.22 3
24.5605 -9.78546 3
27.0592 -13.2009 3
23.1743 -11.2803 3
27.4333 -9.26827 3
22.0066 -10.826 3
27.2744 -15.2949 3
24.9324 -9.84036 3
25.988 -10.9554 3
22.0409 -9.28952 3
24.7164 -12.159 3
28.2029 -12.666 3
21.3133 -14.271 3
23.0542 -15.1983 3
23.621 -14.6044 3
23.7229 -10.6876 3
24.4172 -11.1184 3
25.5197 -15.6117 3
27.6847 -11.8955 3
22.96 -12.0125 3
24.4561 -9.45232 3
20.8164 -11.4152 3
24.0126 -8.06044 3
28.4811 -8.46845 3
23.4442 -8.23793 3
21.6973 -8.50773 3
23.0114 -11.0761 3
20.647 -10.9114 3
23.9393 -14.9025 3
24.8326 -9.36323 3
26.5085 -7.73215 3
22.4807 -10.9802 3
25.5048 -14.3847 3
23.1891 -10.5444 3
27.3457 -9.46457 3
26.5605 -9.68039 3
25.2201 -7.91736 3
23.8053 -12.1093 3
28.4674 -12.1509 3
23.9595 -10.2939 3
24.0097 -9.05975 3
24.7792 -7.18691 3
22.2693 -11.6607 3
23.8322 -10.0825 3
27.4607 -15.392 3
27.4375 -10.84 3
25.0808 -13.0562 3
24.6229 -7.84736 3
27.6618 -11.6947 3
25.1908 -9.6349 3
24.2156 -8.74276 3
24.7362 -10.934 3
23.5555 -11.9545 3
21.0002 -13.9866 3
23.8421 -9.25755 3
26.8633 -14.6204 3
23.2215 -7.97018 3
27.0614 -9.88447 3
25.24 -11.6657 3
26.3349 -15.4034 3
25.5352 -9.95223 3
28.9754 -10.3573 3
24.4008 -10.4031 3
24.7904 -7.28814 3
22.7861 -9.4785 3
24.511 -7.61535 3
28.1731 -12.0763 3
29.2531 -10.7391 3
22.8953 -13.5216 3
25.2275 -9.32094 3
24.6762 -10.3466 3
23.6219 -11.6662 3
27.7176 -11.6671 3
24.7614 -10.2998 3
27.7791 -11.7116 3
26.0789 -8.1788 3
23.2827 -8.36772 3
26.188 -9.82777 3
26.1579 -15.9922 3
22.9736 -12.412 3
22.0226 -9.91434 3
26.9121 -13.5149 3
26.0998 -11.465 3
26.8448 -9.62515 3
26.235 -9.26515 3
24.4374 -9.3206 3
23.3239 -9.65521 3
23.6297 -8.05623 3
28.0602 -10.3049 3
26.2407 -14.6808 3
24.2539 -10.0652 3
23.7338 -14.9076 3
28.4993 -14.1105 3
26.0679 -10.6146 3
25.768 -8.09604 3
26.3765 -13.3598 3
24.7753 -12.5348 3
24.9975 -10.7406 3
24.0246 -10.6083 3
27.5374 -8.6592 3
26.7601 -7.59506 3
25.178 -13.8806 3
26.4875 -12.5901 3
25.4464 -10.3391 3
25.9017 -12.4339 3
24.4735 -7.07589 3
24.7194 -8.15613 3
28.2932 -9.45685 3
20.2776 -12.4129 3
23.6648 -8.07677 3
22.0575 -9.97038 3
24.5089 -9.55593 3
22.771 -10.4151 3
26.3885 -9.05145 3
24.3777 -11.7852 3
27.0995 -13.3161 3
28.1197 -11.8619 3
23.6396 -13.0576 3
23.4544 -13.5767 3
28.8654 -10.7417 3
25.5594 -10.4834 3
27.951 -9.95997 3
23.3239 -10.4619 3
23.5967 -9.35951 3
22.9998 -13.3304 3
28.5737 -9.00282 3
22.9779 -9.8048 3
25.9972 -6.42626 3
24.2583 -6.1346 3
23.1381 -6.88033 3
21.6839 -7.9005 3
25.5431 -6.7068 3
20.8895 -6.50073 3
20.0924 -11.2662 3
20.3192 -8.75934 3
24.6951 -6.93984 3
21.4851 -8.08789 3
19.0078 -8.8421 3
23.2884 -7.22091 3
23.3329 -7.28237 3
24.2609 -5.7469 3
22.9237 -6.82692 3
24.6427 -6.02459 3
19.5966 -8.66507 3
20.3796 -8.13668 3
23.3053 -7.33823 3
19.608 -7.5393 3
22.8491 -6.53257 3
20.6153 -9.49517 3
20.0975 -11.0607 3
26.5316 -6.51887 3
23.1045 -7.31526 3
19.3883 -9.48029 3
19.8017 -11.9458 3
22.334 -6.79705 3
19.7051 -7.7256 3
21.7991 -7.94077 3
23.78 -5.63981 3
19.7618 -6.19318 3
24.5492 -6.57208 3
22.458 -7.53257 3
19.4535 -9.43561 3
21.5844 -5.67688 3
23.8973 -7.16216 3
23.4696 -7.14906 3
22.4652 -7.5045 3
26.2875 -6.71429 3
19.9586 -13.5963 3
19.574 -7.70731 3
25.1782 -6.68055 3
24.0582 -5.79022 3
22.5847 -6.91148 3
19.4752 -8.61476 3
20.1573 -11.4311 3
19.7261 -9.86631 3
24.2226 -6.3369 3
20.7362 -8.78058 3
25.6862 -6.48574 3
20.1059 -8.61307 3
24.0233 -7.06543 3
25.1945 -5.79223 3
21.3394 -8.35557 3
25.216 -6.99695 3
22.8452 -6.01616 3
23.0432 -7.02737 3
20.965 -6.96956 3
24.1555 -5.81804 3
23.1388 -6.03921 3
23.7565 -6.08667 3
19.6887 -8.96408 3
22.1241 -7.87331 3
19.0495 -10.5033 3
19.9426 -12.1608 3
18.1068 -9.40344 3
18.8994 -8.99963 3
23.8525 -7.09701 3
27.1004 -7.17852 3
22.1544 -6.7104 3
21.0559 -6.8243 3
24.5664 -6.89622 3
24.5214 -6.76416 3
24.5547 -6.25293 3
20.1325 -8.94122 3
26.1697 -6.35131 3
25.3171 -6.7166 3
23.7044 -5.85054 3
24.1255 -5.70377 3
20.1524 -9.48341 3
23.3965 -5.75262 3
24.1546 -5.68109 3
19.1946 -11.7553 3
26.5763 -6.8551 3
23.2178 -7.34873 3
22.5009 -5.77375 3
24.7822 -6.52147 3
25.5838 -6.03873 3
21.6949 -6.94847 3
24.8909 -6.76818 3
21.57 -7.1763 3
22.4204 -7.19664 3
26.7921 -6.68668 3
24.981 -5.59422 3
22.3172 -7.61057 3
19.5631 -12.4436 3
19.2042 -9.9015 3
21.4888 -8.41618 3
25.7385 -6.65287 3
22.1641 -7.24881 3
24.3869 -6.9885 3
24.4281 -7.00786 3
20.7657 -8.19088 3
19.4293 -8.70435 3
24.8163 -5.6322 3
23.9193 -6.99733 3
22.8009 -7.60363 3
19.6595 -7.46101 3
24.5283 -5.21544 3
24.4959 -6.74223 3
25.6143 -6.12416 3
23.6748 -6.52594 3
22.6098 -7.53134 3
20.8524 -9.24153 3
24.5731 -5.79165 3
22.3392 -7.37427 3
20.0073 -11.755 3
19.7126 -12.2181 3
20.3566 -10.5662 3
21.3463 -7.55851 3
25.521 -6.45646 3
20.1282 -8.43321 3
22.0376 -6.24839 3
19.9812 -8.41321 3
23.7997 -5.16639 3
24.188 -6.99837 3
24.4128 -6.95753 3
24.93 -6.24351 3
23.1932 -3.9383 3
21.9445 -4.33411 3
28.3645 -6.70182 3
27.7631 -4.84287 3
29.1153 -5.52409 3
25.2281 -2.70105 3
29.3961 -5.75072 3
28.7714 -7.77504 3
27.5749 -7.53738 3
28.3882 -6.60542 3
27.9741 -6.59741 3
22.2919 -4.75594 3
28.2915 -8.06806 3
24.6265 -4.46723 3
21.0823 -4.16284 3
23.9513 -4.54876 3
27.7657 -7.09754 3
27.6819 -7.60596 3
27.9761 -6.54574 3
24.7612 -4.50287 3
28.398 -4.68422 3
28.4246 -7.50315 3
25.9779 -3.73632 3
23.4649 -3.72585 3
25.6533 -5.502 3
24.5499 -4.98719 3
23.9883 -2.18033 3
28.4952 -4.70124 3
28.3587 -4.8009 3
25.8991 -4.71035 3
26.8354 -5.10682 3
29.7688 -6.59509 3
25.665 -4.84948 3
21.1065 -3.10054 3
26.2317 -5.42637 3
20.4179 -4.73168 3
29.8467 -6.97063 3
28.9994 -7.63288 3
28.6758 -7.5729 3
24.0908 -4.48404 3
27.9964 -5.04316 3
24.0549 -4.39061 3
22.529 -4.06796 3
27.4271 -6.32421 3
27.3671 -6.00063 3
28.0294 -5.15332 3
23.3634 -4.27672 3
28.4049 -5.23117 3
26.8079 -5.10479 3
25.5035 -5.07071 3
26.2227 -4.28034 3
25.7775 -4.99911 3
25.9561 -5.41362 3
25.3886 -5.07609 3
25.6084 -4.05329 3
21.2758 -4.32672 3
27.4969 -6.57544 3
21.0352 -3.87271 3
25.3922 -4.95427 3
28.0302 -4.32343 3
28.4543 -7.02393 3
23.166 -3.98367 3
27.394 -7.31808 3
27.9025 -7.2343 3
22.5846 -4.74043 3
25.5398 -5.10657 3
26.9319 -6.70851 3
28.4026 -7.0259 3
28.3946 -6.61177 3
27.4626 -7.42506 3
27.225 -6.22858 3
29.2493 -5.60393 3
29.4759 -5.88465 3
22.2958 -4.64773 3
28.2982 -6.63552 3
29.8934 -9.46024 3
31.6296 -5.94146 3
30.6766 -6.96976 3
30.0457 -9.60781 3
29.6719 -3.50782 3
30.9467 -9.39159 3
29.9239 -9.61136 3
29.5864 -9.04392 3
28.8928 -2.65648 3
30.0009 -9.22252 3
30.7197 -8.77725 3
29.9293 -9.49648 3
29.8952 -8.19212 3
30.2145 -5.18602 3
30.6094 -10.9451 3
29.9568 -7.00355 3
30.516 -10.9092 3
29.814 -4.78549 3
29.5736 -8.7683 3
30.1505 -9.33499 3
29.8932 -8.16461 3
30.2896 -9.10091 3
30.1991 -6.64125 3
30.2988 -6.50479 3
30.0128 -10.4501 3
29.498 -9.34673 3
32.3435 -6.10722 3
31.2637 -9.02212 3
31.4922 -5.3281 3
30.3158 -6.60202 3
30.4971 -10.2388 3
29.0585 -3.37045 3
30.4512 -11.0487 3
30.5328 -10.3735 3
30.1571 -7.23694 3
31.0163 -11.834 3
30.7233 -11.6366 3
32.8197 -11.0117 3
31.2742 -11.5351 3
32.2989 -9.7719 3
31.0617 -11.8068 3
30.3523 -12.7042 3
30.2596 -12.4154 3
31.1273 -13.9648 3
30.6733 -13.7242 3
33.5341 -12.8987 3
30.932 -12.471 3
30.2683 -14.5821 3
31.8995 -13.8935 3
30.8372 -13.9177 3
30.2441 -12.7081 3
30.6659 -13.0555 3
29.5367 -16.7979 3
26.1888 -18.0004 3
22.1658 -17.7417 3
22.3844 -16.2184 3
21.5186 -17.4701 3
22.9499 -17.8267 3
23.0823 -17.8396 3
21.5834 -18.5526 3
22.107 -17.4634 3
22.9846 -16.531 3
20.1557 -17.2691 3
20.9662 -15.15 3
19.85 -14.0338 3
18.469 -12.0154 3
17.5366 -12.893 3
16.4474 -13.4166 3
17.1604 -11.9177 3
17.1733 -12.0501 3
17.5299 -13.4814 3
17.7309 -14.8443 3
18.7816 -12.6156 3
17.2583 -12.8342 3
16.9996 -8.81117 3
18.2021 -5.46326 3
22.1013 -1.46587 3
