2.19244 18.3498 0
0.482422 0.0366099 0
-0.70983 0.0263722 0
-0.598292 3.33112 0
-2.07977 9.28443 0
-5.1037 -1.04388 0
-3.83989 1.41455 0
-0.847604 2.39513 0
-4.85237 6.84443 0
2.69456 14.5906 0
-1.75748 -2.19219 0
-2.57755 -11.375 0
1.17826 -3.45016 0
-1.61413 9.67624 0
-2.63418 -5.6514 0
-0.204614 3.35259 0
-0.916016 -2.65188 0
1.78949 5.36411 0
3.45534 1.03383 0
-0.611048 8.96827 0
-1.4322 -14.7376 0
-2.02816 3.10685 0
-2.31703 -3.06519 0
-1.79572 2.53654 0
1.34319 8.80919 0
-7.20483 8.12576 0
-1.00396 1.36128 0
3.55858 -10.7006 0
4.21529 -1.34161 0
-2.68289 0.250288 0
-1.49078 -6.99683 0
-2.24379 -6.45326 0
0.460729 16.8448 0
-5.49008 -7.5501 0
3.33856 9.17843 0
0.0542247 6.53108 0
-3.18864 14.5952 0
0.0341 -17.9641 0
0.7966 5.79527 0
1.10654 0.707888 0
1.11929 -7.7032 0
1.56509 -5.67289 0
0.671389 -0.231818 0
-1.34614 -5.88234 0
-2.08566 -6.66 0
-0.90049 13.2112 0
-4.519 3.00401 0
2.46261 10.8431 0
-0.497144 6.75142 0
0.296187 -19.0218 0
4.98546 -5.1725 0
2.8824 6.17515 0
-2.05676 -1.70668 0
2.7889 -13.9426 0
2.58456 3.48903 0
1.11172 -9.52394 0
4.89788 -13.9478 0
5.43197 -8.18994 0
2.86358 14.7861 0
-1.10016 5.11242 0
4.29536 -6.01283 0
-0.223038 -4.20198 0
0.209109 10.5514 0
0.611771 6.85158 0
-1.69314 -14.749 0
-0.939108 18.0237 0
-2.90603 6.68016 0
0.888256 10.2476 0
1.61735 -11.2276 0
-5.00181 -6.04201 0
-3.93235 17.8325 0
1.19234 -10.8777 0
-0.378308 17.2162 0
3.14416 3.62518 0
0.62259 -4.15595 0
1.24607 -0.280768 0
3.31327 -10.686 0
-3.22503 -5.49578 0
0.912728 3.62701 0
2.63792 0.637286 0
1.62178 3.55862 0
6.21988 3.70566 0
1.97114 -10.2438 0
-4.48081 7.86004 0
1.73342 -3.53596 0
0.397137 -7.97596 0
3.92372 -0.716417 0
0.0679428 7.47516 0
-0.17666 7.15927 0
-5.91058 -11.3657 0
-2.99641 7.52891 0
-0.661481 -12.7353 0
-2.03808 -25.6492 1
-3.35928 -23.9733 1
-1.44894 -27.0858 1
-2.37426 -26.8266 1
-1.0768 -24.2862 1
-1.02165 27.3644 3
1.639 22.0611 3
0.984562 93.509 5
-3.3663 102.628 5
-0.965274 103.399 5
2.12075 108.068 5
2.4916 89.7641 5
-4.22961 87.7442 5
-2.56215 91.378 5
3.28886 114.446 5
-2.52083 104.421 5
3.41314 108.821 5
2.67931 82.0344 5
1.1891 99.3009 5
0.897388 111.084 5
1.1411 81.1494 5
-4.66771 99.9251 5
-0.524844 95.2239 5
2.58983 102.021 5
1.41327 81.5091 5
-0.995443 113.399 5
-0.656804 84.1416 5
2.9289 98.1992 5
-0.511408 77.8932 5
0.838218 94.1447 5
-1.88734 89.8136 5
1.89536 80.5876 5
2.99235 96.2825 5
-1.45985 100.004 5
2.63178 97.6615 5
4.90205 114.458 5
-2.23692 108.142 5
0.888009 105.656 5
7.57959 90.376 5
-1.4616 108.453 5
0.945298 94.544 5
-2.711 97.409 5
-0.612351 91.7797 5
1.24094 88.2092 5
0.455355 87.3316 5
2.55313 102.729 5
0.992212 85.709 5
-2.4913 94.9477 5
-0.43418 99.9268 5
-2.2149 97.8417 5
1.15296 107.821 5
4.20298 99.4455 5
0.191446 89.2524 5
-2.25498 106.399 5
-3.49709 97.415 5
-1.91199 80.7605 5
1.32841 87.0425 5
-4.78473 87.3 5
-3.50477 94.865 5
-1.32882 104.723 5
2.90462 102.642 5
-1.1827 94.5904 5
2.01203 103.67 5
-5.50856 86.331 5
1.58209 83.1843 5
0.637184 93.7779 5
-2.1543 93.411 5
6.17778 115.238 5
-0.588381 109.135 5
-2.99137 97.0999 5
2.34843 114.97 5
3.32015 111.417 5
3.36225 94.9628 5
0.164241 97.9563 5
-0.0787327 93.1155 5
-3.42749 95.2614 5
5.39073 98.9767 5
-3.32194 99.8846 5
1.43212 100.317 5
2.44551 87.4519 5
-0.5167 99.5181 5
2.95156 89.452 5
-3.11713 86.2053 5
3.18409 106.487 5
-3.05188 102.808 5
-5.42927 89.7016 5
-1.57262 86.1922 5
7.65652 88.6115 5
0.233786 101.048 5
3.26678 92.3875 5
-0.25877 84.1739 5
0.705448 94.9695 5
0.476833 94.9502 5
0.953559 112.123 5
-0.166832 110.486 5
-1.27434 103.855 5
-3.51224 105.096 5
-0.0835146 88.3981 5
-2.31596 75.2451 7
5.38453 69.303 7
-2.7684 75.6727 7
0.604222 127.703 9
-1.00534 117.15 9
0.364255 118.989 9
-3.40475 118.025 9
-3.41006 119.592 9
4.29268 120.351 9
