3.5533 2.29659 0
1.2017 -3.5086 0
1.58878 0.0926298 0
0.18608 -9.6954 0
1.70895 0.631755 0
0.440851 -7.74394 0
4.10816 5.42692 0
-3.06947 1.2164 0
-3.99385 2.40227 0
3.54961 -3.8373 0
-2.25504 -6.09088 0
0.208787 6.78138 0
-3.36318 -6.73928 0
1.13144 -1.80475 0
1.59309 5.49545 0
-0.2254 -5.90207 0
6.61597 5.4323 0
1.16458 1.55429 0
-1.4197 1.83936 0
-2.29151 -1.23348 0
2.4836 -5.55005 0
-1.06947 -5.22468 0
0.0981204 4.95297 0
-2.00429 5.01018 0
6.66241 -2.50843 0
-2.39571 -1.58223 0
2.04556 2.32016 0
0.906888 2.44285 0
0.604196 -9.49179 0
0.77148 -9.81202 0
0.903143 -9.02618 0
-3.48214 -6.95277 0
-0.709983 3.06387 0
-1.78051 -5.94438 0
-2.54938 -5.18078 0
-3.4101 6.1061 0
4.57373 -2.71026 0
-4.26223 -3.5354 0
2.23609 7.24842 0
-1.41952 -2.61241 0
0.157838 -2.64416 0
-0.180269 7.96852 0
0.962032 -5.25753 0
0.807543 -1.22587 0
0.661306 1.81892 0
1.55376 -11.0623 0
-5.438 -9.01901 0
1.93194 -9.1222 0
-1.19941 -1.3675 0
-2.26483 3.26446 0
0.692165 4.45549 0
-2.94932 -4.2319 0
-2.29829 -1.6445 0
6.31259 6.23842 0
0.207416 2.33825 0
-0.0837192 -9.14943 0
-4.16199 -1.59607 0
-3.05122 -2.92744 0
1.69528 18.7394 1
-0.620313 21.4147 1
3.22399 20.1612 1
-2.24817 12.1706 1
1.05558 13.0448 1
-2.80945 10.1608 1
-4.6723 9.39828 1
-5.79629 8.34711 1
-0.6754 10.7475 1
-3.00561 18.6886 1
0.686544 10.0937 1
-4.90304 16.2907 1
-3.99989 23.1066 1
-0.932024 16.6652 1
-2.15444 11.4877 1
-2.40921 11.907 1
2.11255 15.3171 1
1.66085 20.7337 1
-2.19965 19.6494 1
2.79907 8.49993 1
4.91854 14.7663 1
-3.67802 15.9765 1
-3.05729 15.9333 1
-3.89984 -15.4386 3
3.90408 -10.8644 3
3.02888 -17.7583 3
2.77476 -22.8044 3
0.0560646 -19.1193 3
2.07175 -12.8438 3
1.17858 -13.6556 3
-1.23735 -13.7628 3
-4.21779 -16.9197 3
-0.617163 -19.6525 3
0.715916 -13.5438 3
-3.28907 -15.1707 3
0.525067 -15.2205 3
-1.12616 -22.6303 3
3.14947 -15.4339 3
-0.0952157 -15.1718 3
1.59413 -18.5645 3
0.133213 25.4518 5
-1.81794 98.3686 7
-3.65007 87.7073 7
-1.5289 104.272 7
-2.82092 94.0531 7
-0.870667 85.7427 7
-1.46771 88.5746 7
0.554151 92.5854 7
3.80926 103.642 7
1.13957 102.457 7
-3.03964 104.581 7
-1.54319 92.1285 7
2.01526 87.3551 7
2.56914 94.9006 7
0.908584 98.9813 7
-4.24947 91.7338 7
-0.491964 98.9374 7
1.00338 100.168 7
-5.07448 100.803 7
-2.27435 95.7336 7
1.464 103.2 7
0.842294 94.9394 7
0.249064 90.4802 7
-1.96081 94.7623 7
1.41028 104.186 7
-1.59921 100.272 7
0.640259 90.4988 7
2.90192 93.7804 7
2.32225 91.8869 7
1.59045 87.9473 7
-0.0832879 95.4089 7
4.43629 89.8787 7
0.900568 99.1307 7
-6.93446 95.9348 7
3.26434 94.2324 7
1.85364 89.821 7
-5.26185 97.6894 7
-1.64949 98.5661 7
-1.93283 103.244 7
1.78411 93.3807 7
-2.63055 90.8256 7
-0.0993843 99.7986 7
6.3234 91.9971 7
-2.17234 102.185 7
-1.45586 93.1307 7
4.27942 90.6038 7
2.18315 93.9975 7
-0.646922 96.8441 7
2.3768 90.0931 7
3.32005 101.092 7
0.61483 101.496 7
0.655791 94.6335 7
-0.450174 99.4372 7
0.717143 93.579 7
2.98023 80.6941 9
4.13736 84.5557 9
3.33208 82.7477 9
-1.28095 81.9952 9
-0.337369 82.7225 9
-1.6253 71.621 9
-1.1786 84.2715 9
-0.941615 74.8674 9
-0.770834 80.884 9
1.25806 78.2731 9
0.200247 114.794 11
5.39226 111.306 11
-4.80801 110.441 11
-1.45101 106.659 11
4.2707 110.286 11
0.781575 107.173 11
-3.26353 108.52 11
-6.48276 113.139 11
4.41993 105.481 11
-4.3547 116.711 11
-3.39176 105.62 11
3.13609 107.548 11
-0.484428 115.131 11
-0.63511 120.125 11
0.341543 109.882 11
3.04734 117.955 11
4.68674 105.363 11
-1.51908 107.458 11
-3.47002 108.76 11
-3.93724 106.58 11
-1.4844 113.786 11
-0.78637 112.53 11
-3.17201 112.605 11
-0.386972 108.346 11
-0.29996 115.224 11
-0.0506516 107.711 11
-1.3694 108.675 11
-1.9386 107.866 11
4.67346 114.926 11
0.891215 110.903 11
-1.78305 115.491 11
-0.200637 107.344 11
1.93499 108.951 11
-4.2214 104.833 11
1.50322 118.422 11
0.695458 124.291 13
-2.75513 126.542 13
