58.0887 -49.8112 0
58.856 -49.4856 0
58.5503 -49.9416 0
57.6015 -50.1346 0
58.5822 -49.0407 0
57.8429 -49.4494 0
58.1032 -49.8505 0
58.4028 -49.1853 0
57.4735 -50.1524 0
57.5265 -50.5476 0
57.5903 -49.9907 0
58.6818 -49.9114 0
57.4269 -50.308 0
57.6566 -50.0926 0
57.6806 -49.489 0
57.5741 -48.9981 0
58.6356 -50.2904 0
58.9157 -50.4222 0
57.9202 -50.982 0
58.7183 -50.9939 0
58.9493 -50.8971 0
58.7727 -51.1062 0
58.4364 -51.2015 0
57.9535 -51.0824 0
58.1584 -52.019 0
59.0531 -51.3341 0
58.2233 -51.3365 0
58.0482 -52.0464 0
57.817 -51.4507 0
57.3017 -51.2861 0
57.4555 -50.8995 0
57.3455 -50.5993 0
57.3681 -50.9364 0
58.207 -52.3624 0
57.9983 -53.3368 0
58.1036 -52.4184 0
58.4672 -53.012 0
57.3516 -52.4093 0
58.4747 -52.4021 0
59.2372 -52.4494 0
59.5797 -52.1268 0
59.4217 -52.0597 0
59.6123 -51.846 0
59.8258 -51.6697 0
59.9729 -52.4918 0
59.9334 -52.5016 0
59.7662 -52.3176 0
59.6463 -52.0341 0
60.3171 -51.4256 0
60.9213 -51.6694 0
60.0764 -50.9882 0
60.0528 -50.626 0
61.0824 -51.5165 0
61.3281 -51.0147 0
61.4608 -51.3557 0
61.7616 -51.4474 0
61.9485 -51.4619 0
61.9728 -50.8355 0
62.9333 -51.4066 0
62.0194 -52.127 0
62.2083 -50.6736 0
62.2293 -51.3701 0
62.1592 -50.3924 0
61.7701 -49.9798 0
61.9096 -49.9238 0
61.504 -49.9969 0
62.7191 -49.9894 0
62.5272 -49.6093 0
62.7373 -50.4091 0
62.2247 -49.929 0
61.8369 -49.2989 0
61.2448 -48.5235 0
61.309 -49.1565 0
62.3082 -48.8839 0
63.2121 -48.5183 0
63.2291 -48.6088 0
62.7336 -48.5694 0
62.8052 -47.951 0
63.4402 -48.6342 0
63.2659 -47.9111 0
64.0461 -48.4274 0
63.7222 -47.1872 0
63.2228 -46.959 0
63.8198 -48.7087 0
64.0611 -48.0991 0
64.6167 -47.5702 0
64.6435 -48.3672 0
64.6511 -49.2614 0
65.3126 -49.4204 0
64.5662 -50.1354 0
64.4977 -49.4664 0
65.4989 -49.9675 0
65.5226 -49.8344 0
61.1518 -48.5386 0
60.6502 -48.7076 0
60.6648 -48.3356 0
59.9272 -48.1272 0
59.8014 -48.6992 0
60.3616 -48.5208 0
59.7362 -49.106 0
59.5963 -48.9379 0
59.9436 -49.605 0
60.139 -50.2328 0
58.8168 -48.5376 0
58.7983 -47.6106 0
59.0901 -47.7715 0
59.5478 -47.8632 0
58.3412 -48.6571 0
58.5794 -47.8166 0
58.4367 -48.6865 0
57.8036 -48.4909 0
57.7469 -48.8149 0
56.8705 -48.3732 0
57.0025 -49.4708 0
56.7047 -49.6606 0
57.0548 -50.0036 0
56.6639 -48.7169 0
56.2824 -49.5804 0
56.398 -49.1295 0
56.6632 -49.7653 0
56.7039 -50.4673 0
57.243 -50.5502 0
55.9694 -49.3863 0
57.1404 -50.628 0
56.2907 -51.0511 0
56.9204 -50.7523 0
56.6637 -51.3834 0
55.5109 -51.6706 0
55.7763 -51.9591 0
54.7773 -52.1131 0
55.0268 -51.0972 0
55.318 -52.0603 0
55.3057 -52.2678 0
55.6676 -52.5841 0
55.1197 -51.8297 0
54.3949 -52.1969 0
54.3719 -51.2604 0
54.183 -51.5762 0
54.3029 -51.992 0
53.5583 -52.2403 0
53.7207 -51.8452 0
53.5726 -51.8669 0
53.9459 -52.1829 0
54.0206 -52.8354 0
53.9011 -51.9833 0
53.9187 -52.5224 0
53.4193 -53.3238 0
53.3015 -52.996 0
52.9793 -53.2875 0
52.47 -52.5153 0
52.653 -53.0543 0
52.4877 -51.7872 0
52.3724 -51.8384 0
52.1648 -51.8835 0
52.9856 -51.7326 0
52.1762 -51.8126 0
51.6586 -52.2303 0
50.8968 -52.5355 0
51.1325 -52.1599 0
51.5934 -53.1857 0
51.5286 -53.0411 0
51.2069 -51.8577 0
51.8463 -51.6775 0
52.3305 -51.1203 0
52.0546 -51.1711 0
52.0827 -50.9467 0
51.2647 -50.9253 0
51.4918 -51.0774 0
51.0072 -51.2093 0
52.7492 -51.2793 0
51.1748 -51.0414 0
52.4323 -50.9774 0
52.3966 -50.4051 0
51.8306 -50.3648 0
52.7492 -51.2469 0
53.0409 -50.2815 0
52.6364 -50.0408 0
53.358 -50.8947 0
51.6121 -50.6005 0
50.9544 -50.3006 0
51.2948 -50.3477 0
51.0544 -50.9349 0
51.7581 -49.7869 0
51.7521 -49.7646 0
51.6624 -49.9251 0
51.1156 -50.7612 0
50.7171 -50.3862 0
50.9221 -50.1547 0
51.4532 -50.4589 0
51.5422 -50.1806 0
51.6672 -49.7592 0
51.3863 -50.3249 0
51.1991 -50.2396 0
50.7626 -49.7399 0
51.4166 -49.3445 0
50.7205 -49.5166 0
50.4161 -50.0761 0
50.6158 -50.231 0
50.3392 -49.8256 0
50.3029 -50.1043 0
50.6925 -49.6488 0
51.3568 -49.5547 0
51.9649 -49.5575 0
52.2509 -49.3224 0
50.6699 -49.3638 0
52.1761 -49.4541 0
51.7338 -49.3864 0
52.3311 -49.5369 0
50.4279 -49.4422 0
50.4484 -49.346 0
52.0513 -49.0137 0
51.9339 -49.4422 0
52.7624 -49.7645 0
52.4593 -48.9341 0
53.1387 -48.7453 0
52.8734 -48.3777 0
52.8189 -48.9065 0
52.9061 -48.8279 0
53.2468 -48.3642 0
53.9621 -49.0629 0
53.9512 -48.0636 0
53.8553 -48.1851 0
52.8272 -47.4802 0
53.8456 -49.066 0
53.6236 -47.6713 0
53.2593 -47.5632 0
53.643 -49.2544 0
53.5017 -48.7089 0
53.7074 -48.4853 0
53.9738 -48.2896 0
52.7855 -47.5294 0
53.8225 -49.015 0
53.362 -47.5652 0
53.2505 -47.001 0
52.8397 -47.3924 0
53.9092 -47.0685 0
53.5404 -47.2481 0
54.3251 -47.0008 0
54.413 -47.1657 0
54.8827 -47.6843 0
54.5921 -47.1007 0
55.3037 -46.5302 0
55.1856 -45.8547 0
54.977 -46.0906 0
54.8835 -45.6437 0
54.8051 -45.1702 0
54.1991 -44.5521 0
53.7847 -44.3936 0
53.6411 -44.4869 0
55.3425 -48.081 0
55.4827 -48.0606 0
54.5345 -48.1742 0
55.07 -48.6003 0
55.6137 -49.364 0
54.6321 -49.2612 0
54.3925 -48.9707 0
55.7461 -48.6141 0
55.8607 -48.9048 0
56.2248 -48.2429 0
55.9675 -48.06 0
56.18 -48.8349 0
56.1238 -47.1539 0
56.7808 -47.3436 0
56.6704 -47.2877 0
56.8487 -47.2264 0
57.1155 -47.9758 0
57.1309 -47.3544 0
57.8296 -47.0336 0
57.5841 -47.3213 0
57.4499 -46.8863 0
57.4481 -46.0451 0
58.3077 -46.8335 0
58.6222 -46.023 0
58.6063 -46.5394 0
54.2181 -49.8919 0
53.9647 -49.2425 0
53.2592 -49.8791 0
53.9013 -50.6114 0
52.9844 -50.0675 0
54.1616 -50.2972 0
53.6969 -50.3193 0
53.0727 -50.0066 0
53.7798 -50.5239 0
53.2875 -49.9824 0
53.7359 -50.2667 0
52.9622 -50.0048 0
54.6711 -50.0862 0
53.5674 -50.8425 0
54.3046 -50.3766 0
54.6775 -50.5176 0
54.4732 -50.5864 0
55.1079 -50.6916 0
54.8336 -50.2559 0
54.9783 -50.6915 0
54.858 -49.9462 0
55.6844 -50.0289 0
52.3513 -46.9594 0
52.1084 -47.0776 0
51.9579 -47.6169 0
52.2899 -47.0097 0
52.4548 -46.9905 0
52.2778 -47.6532 0
52.0191 -46.7438 0
51.5102 -47.8486 0
51.8482 -48.0192 0
51.9168 -46.7657 0
51.7368 -46.8976 0
51.5139 -47.1527 0
50.8405 -47.2888 0
50.8854 -47.1876 0
50.8739 -46.5222 0
51.7842 -46.2544 0
50.8241 -47.5705 0
51.806 -46.5735 0
51.2219 -46.9408 0
50.4391 -46.7685 0
51.4325 -46.0257 0
51.711 -45.793 0
51.8906 -45.2169 0
50.7384 -45.6328 0
50.2831 -46.2437 0
50.0796 -45.5943 0
49.2253 -45.7916 0
49.2897 -46.68 0
48.394 -47.0968 0
48.7342 -46.7156 0
49.1384 -46.9963 0
48.7971 -47.1327 0
49.8422 -47.0488 0
49.5395 -47.9382 0
49.1214 -47.9167 0
49.3321 -48.8842 0
49.4382 -48.1062 0
48.7228 -48.4385 0
49.312 -48.8115 0
49.0907 -49.3202 0
49.237 -49.6343 0
48.9626 -49.6607 0
48.7942 -49.5535 0
48.4459 -48.5194 0
48.8069 -48.7478 0
48.3771 -48.7422 0
49.0601 -49.1329 0
49.8093 -49.4646 0
50.2705 -49.8406 0
50.1292 -49.9836 0
50.154 -49.7867 0
50.2596 -49.5084 0
49.3014 -50.0842 0
49.1464 -50.0378 0
49.6948 -50.4153 0
49.934 -50.0323 0
49.3614 -50.0671 0
50.0093 -50.7406 0
48.5927 -50.1719 0
50.1544 -50.6592 0
49.5054 -50.8144 0
49.031 -50.416 0
49.9185 -50.8218 0
49.0487 -50.6898 0
50.0158 -50.7682 0
48.6464 -49.7395 0
49.0526 -50.4372 0
48.9568 -50.1898 0
49.1415 -50.4388 0
48.5398 -49.808 0
48.2142 -50.3377 0
47.8591 -49.9505 0
48.0328 -50.0632 0
47.7673 -50.1051 0
48.1396 -50.5812 0
48.0639 -50.1785 0
48.2181 -49.697 0
48.2233 -50.4897 0
47.7621 -50.4816 0
47.3825 -50.1099 0
47.3733 -50.3519 0
47.5397 -50.4314 0
47.8089 -50.5422 0
47.4528 -50.1653 0
47.282 -50.5604 0
47.5252 -51.4903 0
47.0053 -50.9082 0
46.9567 -50.9886 0
47.0293 -51.1555 0
47.284 -49.7704 0
47.4369 -51.4013 0
46.4962 -51.5965 0
47.9301 -51.9184 0
48.3003 -51.5692 0
47.8597 -51.7488 0
47.7709 -51.9588 0
47.9123 -52.2122 0
48.3865 -52.4845 0
48.6195 -51.675 0
49.0388 -51.665 0
49.3744 -52.0253 0
49.2176 -52.0215 0
49.7683 -51.2143 0
49.6161 -52.1701 0
49.9907 -51.7637 0
49.9372 -51.8975 0
49.7376 -52.1374 0
49.6745 -53.0559 0
50.3445 -51.9144 0
50.5842 -51.8689 0
50.0963 -51.4212 0
50.5128 -51.9008 0
49.9486 -52.876 0
49.655 -52.9771 0
49.8792 -52.9424 0
50.4922 -53.642 0
49.8174 -53.8746 0
49.9144 -53.1797 0
49.2849 -53.8801 0
50.3289 -51.1681 0
49.5533 -51.0541 0
50.2601 -50.7463 0
48.3947 -53.1304 0
47.8165 -53.6226 0
47.9772 -54.383 0
47.6297 -53.8262 0
46.9961 -53.6602 0
47.1557 -52.9568 0
46.3912 -52.431 0
46.7129 -52.0979 0
46.5879 -52.8244 0
45.7193 -52.3955 0
46.1336 -52.1423 0
45.5995 -51.4615 0
45.9668 -51.8901 0
45.2332 -51.9327 0
45.3187 -51.541 0
44.8449 -51.6616 0
44.7945 -52.6582 0
44.7638 -52.4459 0
44.7176 -52.1047 0
44.6001 -52.0807 0
44.4368 -51.4318 0
43.9285 -50.9217 0
44.8239 -50.871 0
44.3841 -51.2627 0
44.1205 -52.1992 0
43.9371 -51.9458 0
44.9704 -50.7804 0
45.7281 -50.6112 0
45.2482 -49.824 0
45.3017 -50.7225 0
45.6165 -50.701 0
44.5916 -50.2005 0
45.8679 -51.0946 0
46.0472 -50.9523 0
46.0479 -50.5095 0
46.2509 -50.9582 0
46.2382 -50.9873 0
46.5348 -49.7621 0
45.5389 -49.8293 0
45.0606 -49.2612 0
45.4232 -49.1787 0
45.6439 -49.1706 0
44.9744 -49.59 0
45.8646 -49.2848 0
44.9954 -49.6975 0
45.3774 -49.1865 0
45.5793 -49.2004 0
45.2891 -48.8647 0
44.4469 -49.047 0
45.6859 -48.1754 0
45.4746 -48.8185 0
44.3765 -48.9923 0
44.7529 -49.0328 0
46.149 -48.685 0
44.4763 -49.0666 0
45.9882 -48.5907 0
46.2069 -48.6085 0
46.9296 -48.0936 0
46.8164 -48.8921 0
46.7618 -48.8416 0
46.2853 -48.6159 0
46.6973 -48.9082 0
45.9381 -48.0597 0
46.7302 -48.853 0
47.0616 -48.7627 0
47.1533 -48.9637 0
47.6143 -48.052 0
47.3834 -48.4988 0
47.075 -47.5644 0
47.8601 -47.6526 0
47.1024 -47.1084 0
47.2077 -47.2229 0
48.5021 -48.154 0
47.83 -46.7051 0
47.9187 -46.4548 0
47.546 -46.1222 0
47.0486 -46.6505 0
47.6678 -46.0369 0
47.2581 -46.4836 0
47.3905 -45.4999 0
47.8449 -45.1049 0
46.8941 -44.9966 0
47.9898 -45.0691 0
47.344 -44.8474 0
47.5711 -44.0514 0
46.4078 -44.7075 0
46.1793 -45.4106 0
48.4353 -44.953 0
48.4494 -45.0749 0
45.2109 -47.5673 0
44.5111 -47.6401 0
44.6274 -47.2337 0
44.8528 -46.7102 0
44.6388 -47.4583 0
43.9676 -47.7273 0
44.0527 -47.8667 0
43.7191 -47.7606 0
44.1429 -47.1998 0
43.6971 -46.8501 0
43.8766 -46.514 0
42.8344 -46.681 0
42.9616 -47.5895 0
42.2748 -46.7024 0
41.6005 -47.1718 0
42.0617 -47.4775 0
41.5626 -48.107 0
42.2566 -48.3707 0
41.4591 -47.4688 0
42.4564 -47.8843 0
42.2524 -48.978 0
41.4871 -48.506 0
42.7161 -48.9153 0
42.3848 -49.226 0
42.6209 -49.6193 0
41.7544 -49.8779 0
42.216 -49.397 0
42.4267 -49.8531 0
41.6696 -49.7733 0
41.1295 -50.1438 0
42.0705 -50.4553 0
41.3891 -50.3703 0
40.6051 -50.5615 0
40.6731 -50.898 0
40.461 -50.4814 0
40.2495 -50.8323 0
40.1081 -50.688 0
39.5601 -50.7011 0
40.2791 -50.1978 0
40.2419 -50.8066 0
40.7207 -51.2128 0
39.9112 -50.6983 0
38.9805 -50.8758 0
39.1524 -50.201 0
38.1959 -49.9506 0
38.6059 -50.3688 0
38.5348 -49.6896 0
38.9011 -49.2925 0
38.3928 -49.5887 0
38.7475 -50.2118 0
38.3032 -50.5172 0
37.7591 -50.2951 0
38.6478 -51.0936 0
38.2609 -50.9674 0
37.988 -49.7744 0
38.3871 -51.1382 0
37.5845 -50.4237 0
37.9535 -50.6035 0
38.031 -50.5623 0
37.9885 -51.0711 0
37.9928 -50.8025 0
37.8297 -50.5775 0
37.0563 -50.4683 0
37.0726 -50.0988 0
36.9685 -50.4937 0
36.288 -50.4399 0
36.7224 -49.8112 0
36.8666 -49.6724 0
36.0857 -50.2067 0
35.347 -50.7657 0
35.9435 -49.3026 0
35.8263 -49.4677 0
35.7058 -48.9914 0
35.4062 -48.8187 0
36.6121 -49.2508 0
36.8276 -49.4464 0
36.0767 -48.4574 0
36.8582 -48.7021 0
37.4217 -48.4136 0
36.7482 -48.1974 0
36.8356 -48.0576 0
36.3037 -47.4922 0
36.4244 -46.601 0
36.392 -47.0151 0
36.1853 -47.0129 0
36.4498 -46.5946 0
36.5447 -46.6911 0
36.81 -46.625 0
34.5378 -50.7294 0
35.0114 -50.4334 0
36.1027 -51.3142 0
34.974 -50.0581 0
34.0981 -50.3447 0
34.4972 -49.3734 0
34.1554 -49.4035 0
33.2715 -50.8312 0
34.3457 -51.231 0
33.1663 -50.4135 0
32.987 -50.7256 0
32.5583 -51.2061 0
33.1601 -50.9284 0
33.1691 -49.7921 0
33.4011 -51.2824 0
32.8144 -50.8608 0
32.7237 -50.8316 0
32.3769 -50.005 0
32.5287 -50.1698 0
32.0085 -49.3324 0
31.7065 -48.7537 0
31.6553 -49.0293 0
33.0092 -51.5899 0
33.093 -52.4857 0
32.7048 -53.4019 0
34.1554 -51.8486 0
34.0629 -52.1421 0
36.1286 -52.1399 0
36.8393 -52.8352 0
37.306 -52.0662 0
37.1861 -52.6558 0
37.644 -52.4054 0
37.5198 -51.8519 0
38.1079 -51.9473 0
37.7912 -53.2954 0
37.875 -54.0254 0
37.2941 -53.934 0
38.7025 -53.421 0
38.7845 -52.5706 0
38.993 -52.8271 0
39.2595 -51.8869 0
39.495 -52.6524 0
39.3516 -51.6862 0
40.1283 -52.5341 0
40.016 -52.5269 0
39.3935 -51.7737 0
40.4402 -52.6752 0
40.1235 -52.3824 0
41.0554 -52.265 0
40.4128 -52.1915 0
41.2375 -52.1374 0
41.4909 -52.8692 0
41.4203 -52.3797 0
41.8793 -51.772 0
42.22 -51.4853 0
42.4753 -52.4754 0
42.241 -50.9812 0
42.2238 -51.3641 0
42.306 -51.3291 0
43.1449 -50.9876 0
42.6816 -51.1274 0
42.7272 -50.9577 0
42.9505 -51.5502 0
43.446 -50.8062 0
43.4695 -51.7121 0
43.3064 -52.6605 0
43.5011 -50.7129 0
43.8717 -50.3399 0
42.6243 -50.2748 0
43.7585 -49.6754 0
44.0829 -49.6065 0
44.0039 -49.3408 0
44.048 -52.5854 0
44.0559 -52.8062 0
43.6619 -53.5062 0
44.1165 -52.783 0
44.0283 -53.298 0
44.4914 -53.3554 0
43.4194 -53.6553 0
44.2345 -53.1785 0
44.3905 -53.3025 0
44.7879 -53.4505 0
45.1189 -54.2599 0
45.494 -53.0732 0
45.0336 -54.6769 0
44.4484 -54.8896 0
45.761 -54.8641 0
45.8521 -55.308 0
45.3636 -55.9885 0
45.9937 -56.0974 0
44.656 -55.3991 0
44.813 -55.5665 0
44.4546 -55.5204 0
43.729 -54.8668 0
43.6489 -55.0138 0
42.7601 -54.2285 0
42.3487 -53.5088 0
42.543 -54.6145 0
41.5994 -53.3094 0
41.7605 -53.1943 0
40.2311 -53.6459 0
38.8823 -51.7028 0
39.1281 -51.6584 0
38.595 -51.5213 0
38.4434 -49.2658 0
38.8191 -48.5263 0
38.9532 -48.6475 0
39.8515 -48.6511 0
38.7157 -47.8906 0
38.3924 -47.2251 0
39.2742 -47.5974 0
38.9395 -47.0887 0
38.1063 -46.5879 0
39.7022 -47.5292 0
40.1516 -47.4172 0
40.426 -47.3105 0
39.937 -48.0069 0
39.9042 -47.8562 0
40.3817 -48.2323 0
41.0636 -48.4222 0
40.2856 -48.7945 0
40.579 -48.6198 0
40.9298 -48.4842 0
40.6175 -49.4571 0
40.2676 -49.2605 0
40.0153 -46.5675 0
40.5347 -45.9931 0
40.2945 -46.3165 0
41.1032 -46.2215 0
38.0985 -46.5363 0
43.5088 -48.0586 0
45.3241 -46.3476 0
45.0768 -45.4224 0
46.0141 -46.4231 0
46.9628 -54.1452 0
47.9298 -54.846 0
47.9167 -55.61 0
47.738 -55.5447 0
51.8044 -44.9886 0
51.4984 -44.4684 0
50.9596 -44.5036 0
51.1241 -48.157 0
50.6054 -47.7829 0
50.8203 -48.6486 0
51.3804 -48.4691 0
53.1125 -46.3394 0
52.9699 -46.137 0
53.385 -45.6838 0
53.5015 -45.7066 0
53.3814 -45.8207 0
53.7707 -45.7932 0
52.9598 -45.7493 0
51.6065 -54.1755 0
52.2613 -54.6452 0
53.1746 -54.4186 0
53.6421 -54.3559 0
54.2389 -54.9059 0
55.0609 -54.9117 0
55.5122 -54.6088 0
55.7207 -54.8472 0
55.1123 -53.962 0
55.523 -54.0758 0
55.6576 -54.1881 0
56.1796 -53.5816 0
55.4335 -53.7966 0
55.6863 -53.3255 0
55.5825 -53.238 0
55.4391 -53.0619 0
55.8071 -52.992 0
56.0286 -52.7757 0
55.7496 -52.9453 0
55.384 -52.8698 0
56.6405 -52.7359 0
56.6457 -52.4621 0
54.5687 -53.8595 0
57.0083 -53.699 0
57.4907 -53.8957 0
57.18 -54.0089 0
57.2722 -54.6986 0
57.7791 -55.2045 0
57.0161 -54.9983 0
57.0166 -55.8109 0
58.639 -55.0643 0
58.2914 -54.4981 0
58.4159 -53.5283 0
58.6286 -54.1014 0
58.8681 -55.2945 0
59.7701 -55.4447 0
59.6477 -54.7301 0
59.8882 -54.0709 0
59.563 -47.539 0
59.6636 -46.9192 0
60.1412 -47.5126 0
60.1699 -47.5407 0
60.6453 -47.3827 0
60.7332 -47.6191 0
60.3205 -47.2049 0
60.6665 -46.8055 0
61.3457 -47.2578 0
61.3852 -46.7195 0
61.8525 -46.2578 0
61.5055 -47.8825 0
63.2837 -50.8661 0
63.1398 -50.7559 0
63.2829 -51.4328 0
63.3201 -52.0109 0
64.0847 -52.1159 0
64.7723 -51.7646 0
64.3056 -51.557 0
65.1681 -51.3712 0
65.4226 -51.1552 0
65.8308 -51.2915 0
66.0113 -51.8086 0
65.5576 -51.8858 0
66.2844 -51.3945 0
66.3765 -52.171 0
66.25 -52.4858 0
66.438 -53.1714 0
65.996 -53.9993 0
67.0812 -53.7003 0
65.9431 -54.0125 0
66.7331 -51.4285 0
67.4112 -50.9252 0
66.6966 -50.4157 0
67.6635 -50.8086 0
68.573 -50.581 0
68.4167 -51.3936 0
67.9643 -52.088 0
69.3696 -51.4466 0
68.7696 -51.8339 0
68.8876 -52.4279 0
69.9694 -51.7709 0
69.6093 -51.0763 0
69.6295 -51.2818 0
70.228 -52.1769 0
70.7916 -51.9624 0
71.1478 -52.2349 0
71.7457 -52.4609 0
62.0186 -52.7208 0
61.3672 -52.8349 0
61.3012 -52.8514 0
60.8427 -53.0138 0
25.7518 -51.7875 1
24.9022 -51.5151 1
26.2699 -52.4521 1
25.9332 -51.8148 1
27.334 -53.0374 2
27.3039 -53.7061 2
26.6483 -53.8991 2
80.9645 -52.8588 3
81.3052 -52.0751 3
81.357 -51.9426 3
60.8212 -44.6563 4
60.8365 -44.7646 4
70.0766 -48.4292 5
69.4885 -48.4487 5
69.4707 -48.9567 5
69.5773 -48.6287 5
69.3909 -49.4989 5
68.7242 -48.7742 5
68.4833 -48.1514 5
29.3737 -47.2205 6
28.7396 -46.5851 6
28.8078 -46.4879 6
29.2063 -46.6247 6
30.175 -46.9878 6
30.6157 -46.9552 6
30.9274 -46.5799 6
32.0997 -45.8704 7
33.0064 -45.5904 7
32.4191 -45.7367 7
33.5422 -45.511 7
74.8716 -52.6354 8
58.0564 -56.5374 9
79.0723 -54.8674 10
35.9997 -54.0994 11
20.8044 -49.7487 12
29.0216 -52.6914 13
28.9598 -52.3986 13
28.5888 -52.6872 13
66.5911 -49.2547 14
67.0563 -48.7942 14
67.539 -49.5091 14
66.9386 -48.2044 14
27.8686 -50.3559 15
28.1942 -51.0313 15
28.0113 -50.2213 15
27.9354 -50.8916 15
27.5617 -50.9272 15
27.1056 -51.6184 15
40.1529 -55.3841 16
40.8982 -55.2876 16
40.8249 -55.4187 16
39.8398 -55.3324 16
59.6656 -44.7481 17
59.8886 -44.0758 17
71.364 -47.478 18
71.7057 -47.7246 18
71.1812 -47.7425 18
71.5698 -47.5565 18
72.1004 -48.6324 18
71.6146 -48.6823 18
72.2837 -48.7221 18
71.246 -48.981 18
72.1865 -49.4533 18
72.4471 -49.4982 18
73.1833 -49.92 18
73.8018 -50.5223 18
71.0958 -49.8831 18
33.7711 -43.3575 19
34.4347 -42.6441 19
79.8774 -53.5052 20
79.8511 -52.9168 20
57.3406 -43.9895 21
56.5511 -44.2819 21
57.2319 -43.9441 21
56.1454 -43.7307 21
37.8836 -44.3138 22
37.8864 -45.1437 22
38.0182 -45.0336 22
38.9519 -44.8341 22
61.5662 -57.4726 23
61.3306 -57.7507 23
64.7435 -54.2828 24
64.3812 -55.0529 24
70.5966 -54.0502 25
70.1627 -53.6124 25
34.7686 -55.2261 26
65.864 -43.8853 27
65.5796 -43.1129 27
65.6755 -44.1753 27
64.9013 -44.3386 27
24.035 -45.3074 28
23.485 -45.9203 28
45.2383 -57.9966 29
63.6598 -58.5635 30
24.9461 -49.0022 31
20.629 -46.0838 32
61.6016 -41.4751 33
45.1136 -44.2764 34
49.461 -55.2735 35
49.6014 -55.7955 35
29.9484 -50.4341 36
30.3047 -49.5957 36
29.8174 -49.5917 36
30.8614 -50.4565 36
30.6646 -51.1849 36
29.3985 -49.3186 36
30.2832 -49.4808 36
29.9971 -49.2066 36
30.4267 -49.4447 36
28.8421 -49.0841 36
42.7724 -45.099 37
42.6623 -45.101 37
18.7205 -50.9868 38
62.63 -54.1202 39
57.6644 -57.8458 40
58.1943 -57.8332 40
59.9999 -45.7817 41
30.4288 -48.149 42
30.4206 -48.1765 42
36.3842 -45.2203 43
36.5691 -44.7902 43
36.0234 -44.6901 43
36.4123 -44.6734 43
22.3991 -53.8716 44
73.22 -51.7738 45
56.4172 -45.7577 46
28.9231 -54.5653 47
77.1951 -45.4849 48
30.7482 -44.7702 49
65.7789 -46.8369 50
66.1424 -46.9824 50
66.445 -46.5138 50
52.0085 -55.9521 51
47.6083 -56.8913 52
74.4033 -49.0191 53
73.9696 -48.8612 53
77.5733 -49.4254 54
35.2988 -47.5612 55
34.9161 -47.763 55
34.0044 -47.6201 55
29.1458 -45.1694 56
31.8476 -56.7834 57
68.3325 -44.7463 58
54.053 -42.1836 59
27.1223 -48.759 60
15.8612 -52.8715 61
46.0935 -43.7332 62
26.2136 -49.3726 63
63.666 -45.6878 64
84.2078 -53.4439 65
82.0024 -48.8367 66
31.3176 -43.4929 67
25.4877 -53.9453 68
70.956 -46.2099 69
66.1312 -55.1628 70
27.2961 -46.9517 71
63.9195 -57.4811 72
49.0934 -42.7003 73
69.3713 -57.2845 74
76.1222 -52.0362 75
60.4573 -56.2267 76
34.9912 -52.9504 77
62.2264 -44.3438 78
0.1952 -8.08853 79
0.521496 -8.85563 79
0.0651734 -8.55028 79
-0.12858 -7.60164 79
0.966181 -8.58139 79
0.556877 -7.84242 79
0.155997 -8.10303 79
0.821355 -8.40214 79
-0.146416 -7.47365 79
-0.541584 -7.52695 79
0.015321 -7.59028 79
0.0955465 -8.68168 79
-0.302107 -7.42713 79
-0.0865048 -7.65663 79
0.517101 -7.68021 79
1.00792 -7.5733 79
-0.283562 -8.63581 79
-0.415102 -8.91607 79
-0.975663 -7.92097 79
-0.986919 -8.71905 79
-0.890016 -8.94998 79
-1.09917 -8.77361 79
-1.19475 -8.43733 79
-1.07611 -7.95434 79
-2.01246 -8.15999 79
-1.32687 -9.05414 79
-1.3299 -8.2244 79
-2.04 -8.04985 79
-1.44446 -7.81813 79
-1.28028 -7.30267 79
-0.893517 -7.45622 79
-0.59347 -7.34599 79
-0.930548 -7.36883 79
-2.35584 -8.20883 79
-3.33042 -8.00097 79
-2.41197 -8.10551 79
-3.00528 -8.46962 79
-2.40345 -7.35349 79
-2.39536 -8.47661 79
-2.44202 -9.23912 79
-2.11915 -9.58143 79
-2.05221 -9.42336 79
-1.83837 -9.61381 79
-1.6619 -9.82715 79
-2.48384 -9.97491 79
-2.49373 -9.93535 79
-2.30978 -9.76806 79
-2.02638 -9.64789 79
-1.41741 -10.3182 79
-1.66066 -10.9226 79
-0.980169 -10.0771 79
-0.617999 -10.0533 79
-1.5077 -11.0836 79
-1.00571 -11.3289 79
-1.34658 -11.4619 79
-1.43799 -11.7627 79
-1.45236 -11.9497 79
-0.825973 -11.9735 79
-1.39627 -12.9344 79
-2.1174 -12.0211 79
-0.663847 -12.2088 79
-1.36039 -12.2304 79
-0.382752 -12.1595 79
0.0296153 -11.7701 79
0.0856608 -11.9095 79
0.0122717 -11.504 79
0.0207746 -12.7191 79
0.400704 -12.5269 79
-0.398987 -12.7377 79
0.0807763 -12.2247 79
0.710481 -11.8363 79
1.48548 -11.2436 79
0.852468 -11.3083 79
1.12588 -12.3073 79
1.49227 -13.2109 79
1.40172 -13.228 79
1.44073 -12.7325 79
2.05923 -12.8035 79
1.37649 -13.4391 79
2.0995 -13.2642 79
1.58382 -14.0449 79
2.8237 -13.72 79
3.05153 -13.2204 79
1.30235 -13.8188 79
1.91211 -14.0596 79
2.44149 -14.6147 79
1.64443 -14.6422 79
0.750254 -14.6505 79
0.591806 -15.3122 79
-0.123767 -14.5663 79
0.545145 -14.4972 79
0.0448774 -15.4989 79
0.177994 -15.5225 79
1.47033 -11.1506 79
1.30084 -10.6492 79
1.67287 -10.6634 79
1.88068 -9.92567 79
1.30856 -9.80032 79
1.48749 -10.3605 79
0.90172 -9.73551 79
1.0697 -9.59547 79
0.402882 -9.94331 79
-0.224701 -10.1392 79
1.46944 -8.81566 79
2.39637 -8.79644 79
2.2357 -9.08831 79
2.14444 -9.54611 79
1.34956 -8.34011 79
2.1902 -8.57769 79
1.32018 -8.43565 79
1.51534 -7.80239 79
1.19132 -7.74592 79
1.63228 -6.86925 79
0.534736 -7.00204 79
0.344788 -6.70441 79
0.00198188 -7.05479 79
1.28844 -6.6629 79
0.424608 -6.28208 79
0.875621 -6.39726 79
0.239979 -6.66299 79
-0.461917 -6.70431 79
-0.544407 -7.24345 79
0.618408 -5.9689 79
-0.622275 -7.14087 79
-1.04606 -6.29149 79
-0.746739 -6.92104 79
-1.37805 -6.66479 79
-1.6662 -5.5122 79
-1.95453 -5.77783 79
-2.10933 -4.77898 79
-1.09323 -5.02767 79
-2.0561 -5.31961 79
-2.26354 -5.30748 79
-2.57955 -5.66965 79
-1.82567 -5.12112 79
-2.1934 -4.39667 79
-1.25692 -4.37294 79
-1.57287 -4.18424 79
-1.98858 -4.30445 79
-2.23749 -3.56007 79
-1.84221 -3.72219 79
-1.86406 -3.57407 79
-2.17976 -3.94768 79
-2.83221 -4.02284 79
-1.98024 -3.90265 79
-2.51928 -3.92068 79
-3.3211 -3.42192 79
-2.99337 -3.30389 79
-3.2851 -2.98192 79
-2.51332 -2.472 79
-3.05221 -2.65539 79
-1.78522 -2.4891 79
-1.8365 -2.37388 79
-1.88174 -2.16634 79
-1.73026 -2.98696 79
-1.81086 -2.17763 79
-2.22902 -1.66041 79
-2.53481 -0.898805 79
-2.15895 -1.13425 79
-3.18442 -1.59595 79
-3.03988 -1.53101 79
-1.85678 -1.20843 79
-1.67608 -1.84767 79
-1.11842 -2.33136 79
-1.16948 -2.05551 79
-0.945048 -2.08341 79
-0.92429 -1.26539 79
-1.07622 -1.49263 79
-1.20845 -1.00816 79
-1.2771 -2.75021 79
-1.04046 -1.17561 79
-0.975436 -2.43305 79
-0.403149 -2.3969 79
-0.363389 -1.83093 79
-1.24472 -2.75017 79
-0.27904 -3.04114 79
-0.0387406 -2.63643 79
-0.892027 -3.35875 79
-0.599225 -1.61259 79
-0.299815 -0.954599 79
-0.346642 -1.29503 79
-0.934033 -1.05509 79
0.214544 -1.75791 79
0.236768 -1.75196 79
0.0762075 -1.66233 79
-0.760286 -1.11616 79
-0.385591 -0.717454 79
-0.153995 -0.922183 79
-0.457731 -1.45355 79
-0.179364 -1.54237 79
0.24217 -1.66697 79
-0.323758 -1.38657 79
-0.23865 -1.19926 79
0.260753 -0.762392 79
0.656597 -1.41607 79
0.483989 -0.720112 79
-0.0757376 -0.416184 79
-0.230546 -0.61598 79
0.174637 -0.33908 79
-0.104046 -0.30295 79
0.351795 -0.692215 79
0.446372 -1.35647 79
0.444067 -1.96453 79
0.679399 -2.25031 79
0.636773 -0.669402 79
0.547677 -2.17563 79
0.614999 -1.7333 79
0.464984 -2.33078 79
0.558165 -0.427419 79
0.654361 -0.447916 79
0.987921 -2.05052 79
0.559381 -1.93343 79
0.237679 -2.76218 79
1.06786 -2.45848 79
1.25724 -3.13772 79
1.62458 -2.87214 79
1.09572 -2.81806 79
1.17444 -2.90513 79
1.63834 -3.24548 79
0.940253 -3.96137 79
1.93956 -3.94969 79
1.818 -3.85384 79
2.52206 -2.82522 79
0.937091 -3.84487 79
2.33153 -3.62176 79
2.43937 -3.2574 79
0.748499 -3.6424 79
1.29385 -3.50064 79
1.5177 -3.70615 79
1.71358 -3.97241 79
2.47284 -2.78355 79
0.988004 -3.82169 79
2.43747 -3.3601 79
3.00163 -3.24807 79
2.60984 -2.83757 79
2.93457 -3.90684 79
2.75471 -3.53817 79
3.00267 -4.32268 79
2.83784 -4.41074 79
2.31958 -4.88085 79
2.90299 -4.58981 79
3.47406 -5.30095 79
4.14946 -5.18231 79
3.91333 -4.9739 79
4.36019 -4.87999 79
4.83361 -4.80121 79
5.45124 -4.19478 79
5.60939 -3.78022 79
5.51596 -3.63672 79
1.92323 -5.34098 79
1.94377 -5.48119 79
1.82937 -4.53305 79
1.40372 -5.06886 79
0.640485 -5.61318 79
0.742454 -4.63154 79
1.03281 -4.39172 79
1.39052 -5.74495 79
1.09982 -5.85986 79
1.76207 -6.22338 79
1.94471 -5.96592 79
1.17003 -6.17909 79
2.85094 -6.12155 79
2.66177 -6.77873 79
2.71763 -6.66821 79
2.77909 -6.84654 79
2.02982 -7.11388 79
2.65127 -7.12874 79
2.97263 -7.8272 79
2.68474 -7.58196 79
3.11967 -7.44743 79
3.96079 -7.44494 79
3.17308 -8.30515 79
3.98384 -8.61907 79
3.46743 -8.60359 79
0.111465 -4.21797 79
0.76064 -3.96409 79
0.123484 -3.25908 79
-0.608262 -3.90174 79
-0.0651685 -2.98446 79
-0.293902 -4.16184 79
-0.316347 -3.69716 79
-0.00410529 -3.07266 79
-0.520851 -3.78019 79
0.0202204 -3.28753 79
-0.263774 -3.73613 79
-0.00248062 -2.96222 79
-0.0824657 -4.6712 79
-0.839688 -3.56811 79
-0.373158 -4.30488 79
-0.513878 -4.67794 79
-0.582839 -4.47367 79
-0.687553 -5.10841 79
-0.25204 -4.8338 79
-0.687543 -4.97887 79
0.0576839 -4.85798 79
-0.0243522 -5.68443 79
3.04247 -2.34889 79
2.92411 -2.10608 79
2.38465 -1.95605 79
2.99214 -2.28747 79
3.0115 -2.45245 79
2.34862 -2.2759 79
3.25777 -2.01647 79
2.15264 -1.50846 79
1.98228 -1.84663 79
3.23584 -1.91425 79
3.10378 -1.73432 79
2.84846 -1.51167 79
2.71186 -0.83836 79
2.81309 -0.883142 79
3.47853 -0.871103 79
3.74707 -1.78124 79
2.43018 -0.822144 79
3.42792 -1.80324 79
3.06016 -1.21947 79
3.23182 -0.436518 79
3.97541 -1.4293 79
4.20835 -1.70766 79
4.78456 -1.88681 79
4.3678 -0.73491 79
3.75649 -0.280063 79
4.40578 -0.0761041 79
4.20777 0.778086 79
3.31945 0.712968 79
2.90188 1.60835 79
3.2834 1.26839 79
3.00305 0.86396 79
2.86635 1.20515 79
2.95103 0.160131 79
2.06141 0.462136 79
2.08264 0.88022 79
1.11532 0.668763 79
1.89336 0.563298 79
1.56045 1.27844 79
1.18799 0.688906 79
0.679056 0.909852 79
0.3651 0.763331 79
0.338443 1.03762 79
0.445535 1.20616 79
1.47935 1.55523 79
1.25121 1.19409 79
1.25648 1.62393 79
0.866336 0.940571 79
0.535226 0.191088 79
0.159641 -0.270334 79
0.0164983 -0.129234 79
0.213403 -0.153811 79
0.491794 -0.25919 79
-0.0847699 0.698546 79
-0.0384527 0.85361 79
-0.415582 0.30483 79
-0.0323084 0.065993 79
-0.0675836 0.638563 79
-0.740554 -0.00992249 79
-0.173054 1.40718 79
-0.659109 -0.154962 79
-0.814771 0.493938 79
-0.416742 0.968678 79
-0.821884 0.0808817 79
-0.690544 0.950714 79
-0.768164 -0.0164212 79
0.259406 1.35377 79
-0.43799 0.947073 79
-0.190598 1.04301 79
-0.439478 0.858176 79
0.190833 1.4604 79
-0.339117 1.78549 79
0.047772 2.1409 79
-0.0647974 1.96717 79
-0.106855 2.23266 79
-0.582695 1.85994 79
-0.180028 1.93596 79
0.301541 1.78214 79
-0.491133 1.77627 79
-0.483358 2.23753 79
-0.111979 2.61745 79
-0.354019 2.62639 79
-0.433325 2.46 79
-0.543907 2.19071 79
-0.16735 2.54709 79
-0.562578 2.7176 79
-1.49222 2.47363 79
-0.910601 2.994 79
-0.991023 3.04256 79
-1.15789 2.96982 79
0.227463 2.71622 79
-1.4033 2.56194 79
-1.59931 3.50248 79
-1.92005 2.0684 79
-1.57052 1.69843 79
-1.75051 2.13894 79
-1.9606 2.22751 79
-2.21391 2.08598 79
-2.48583 1.61153 79
-1.6761 1.37915 79
-1.66575 0.959915 79
-2.02576 0.623988 79
-2.02213 0.780799 79
-1.2145 0.230736 79
-2.17042 0.382186 79
-1.7637 0.0079275 79
-1.89757 0.0612839 79
-2.13757 0.260694 79
-3.05616 0.323105 79
-1.91416 -0.346019 79
-1.86841 -0.585663 79
-1.42111 -0.0974088 79
-1.90041 -0.514319 79
-2.87601 0.049087 79
-2.97738 0.342643 79
-2.94252 0.118461 79
-3.64157 -0.495068 79
-3.87471 0.17951 79
-3.17978 0.0830983 79
-3.88063 0.711977 79
-1.1678 -0.329863 79
-1.05449 0.44586 79
-0.746115 -0.260674 79
-3.13173 1.60281 79
-3.62431 2.18058 79
-4.38466 2.01932 79
-3.82804 2.36722 79
-3.66262 3.00102 79
-2.95907 2.84193 79
-2.43388 3.60688 79
-2.10053 3.28542 79
-2.82707 3.40987 79
-2.39887 4.27882 79
-2.14535 3.86472 79
-1.46496 4.3993 79
-1.89333 4.0317 79
-1.93648 4.76527 79
-1.54477 4.68011 79
-1.66572 5.15375 79
-2.6623 5.20335 79
-2.45008 5.23424 79
-2.10891 5.2807 79
-2.08503 5.39825 79
-1.43624 5.56209 79
-0.926537 6.07079 79
-0.87516 5.17539 79
-1.26722 5.61488 79
-2.20391 5.87775 79
-1.9506 6.06137 79
-0.784431 5.02896 79
-0.61462 4.27145 79
0.172227 4.75198 79
-0.726284 4.69775 79
-0.704515 4.38289 79
-0.204813 5.4082 79
-1.09793 4.13124 79
-0.955422 3.95202 79
-0.51263 3.95168 79
-0.961216 3.74836 79
-0.990342 3.76101 79
0.235143 3.46534 79
0.167191 4.46127 79
0.734849 4.93997 79
0.817676 4.57748 79
0.825899 4.35672 79
0.405982 5.02593 79
0.711869 4.13601 79
0.298522 5.00482 79
0.809772 4.62322 79
0.796115 4.42138 79
1.13159 4.71175 79
0.948551 5.55391 79
1.8212 4.31553 79
1.17794 4.52635 79
1.00322 5.62427 79
0.963001 5.24787 79
1.31197 3.852 79
0.928953 5.52445 79
1.40607 4.0129 79
1.38848 3.7942 79
1.90396 3.07191 79
1.10535 3.18446 79
1.15581 3.23909 79
1.38111 3.71581 79
1.08918 3.30359 79
1.9371 4.06349 79
1.14437 3.2707 79
1.23499 2.9394 79
1.034 2.84747 79
1.94611 2.38725 79
1.49916 2.61781 79
2.43326 2.9269 79
2.34573 2.14172 79
2.88929 2.89989 79
2.77486 2.79456 79
1.84484 1.49941 79
3.2932 2.17258 79
3.54354 2.08408 79
3.87584 2.45708 79
3.34713 2.95407 79
3.96127 2.33538 79
3.51426 2.74468 79
4.498 2.61309 79
4.89343 2.15902 79
5.00089 3.10992 79
4.92929 2.0141 79
5.15052 2.66006 79
5.94671 2.43365 79
5.28965 3.59638 79
4.58638 3.82433 79
5.04573 1.56876 79
4.92391 1.55456 79
2.42884 4.79102 79
2.35552 5.49081 79
2.76198 5.37484 79
3.28571 5.14981 79
2.53738 5.3632 79
2.26785 6.03419 79
2.12852 5.949 79
2.23442 6.28268 79
2.79552 5.85934 79
3.1449 6.30539 79
3.48113 6.12621 79
3.31332 7.16824 79
2.40494 7.04031 79
3.29149 7.72777 79
2.82148 8.40179 79
2.51615 7.94031 79
1.88631 8.4389 79
1.62318 7.74474 79
2.52438 8.54295 79
2.10973 7.54525 79
1.01587 7.7484 79
1.48725 8.51409 79
1.07888 7.2848 79
0.767978 7.61583 79
0.374853 7.37936 79
0.115534 8.24565 79
0.596813 7.78443 79
0.140825 7.57344 79
0.220055 8.33054 79
-0.150912 8.87036 79
-0.461658 7.92912 79
-0.377115 8.61057 79
-0.568976 9.3945 79
-0.90544 9.32614 79
-0.489011 9.5386 79
-0.840025 9.74988 79
-0.695888 9.89137 79
-0.709393 10.4394 79
-0.205536 9.72073 79
-0.81435 9.75746 79
-1.22021 9.27833 79
-0.706305 10.0882 79
-0.884543 11.0188 79
-0.20959 10.8474 79
0.0400328 11.8041 79
-0.377917 11.3938 79
0.301288 11.4654 79
0.69864 11.0994 79
0.402087 11.6075 79
-0.220786 11.2524 79
-0.52652 11.6964 79
-0.304866 12.2406 79
-1.10269 11.3514 79
-0.97671 11.7383 79
0.21599 12.0122 79
-1.14745 11.612 79
-0.43358 12.4151 79
-0.613113 12.046 79
-0.571869 11.9686 79
-1.08067 12.0107 79
-0.812016 12.0065 79
-0.587223 12.1699 79
-0.478562 12.9434 79
-0.109129 12.9273 79
-0.504118 13.0311 79
-0.45081 13.7117 79
0.178242 13.2778 79
0.317098 13.1336 79
-0.217776 13.9141 79
-0.777395 14.6524 79
0.686169 14.0571 79
0.52102 14.1742 79
0.997178 14.295 79
1.1697 14.5948 79
0.738518 13.3885 79
0.543145 13.1728 79
1.53155 13.9245 79
1.28745 13.1429 79
1.57635 12.5796 79
1.79206 13.2533 79
1.93194 13.166 79
2.49685 13.6983 79
3.38823 13.5783 79
2.9741 13.6104 79
2.97607 13.817 79
3.39458 13.5529 79
3.29818 13.4579 79
3.36448 13.1927 79
-0.741717 15.4616 79
-0.445309 14.9883 79
-1.32524 13.8962 79
-0.0700158 15.0259 79
-0.357325 15.9016 79
0.61427 15.5033 79
0.583844 15.8451 79
-0.84453 16.7278 79
-1.24347 15.6533 79
-0.426915 16.8334 79
-0.739115 17.0124 79
-1.22 17.4408 79
-0.941831 16.8391 79
0.194521 16.8311 79
-1.29558 16.5978 79
-0.874529 17.1849 79
-0.845391 17.2757 79
-0.019026 17.6231 79
-0.183728 17.4712 79
0.653273 17.992 79
1.2317 18.2945 79
0.956084 18.3455 79
-1.60345 16.9895 79
-2.49914 16.905 79
-3.41565 17.2925 79
-1.86123 15.8432 79
-2.15477 15.9354 79
-2.1509 13.8697 79
-2.84565 13.1584 79
-2.07629 12.6923 79
-2.66598 12.8118 79
-2.41529 12.3541 79
-1.86186 12.4787 79
-1.9568 11.8905 79
-3.30509 12.2061 79
-4.03501 12.1218 79
-3.9441 12.7028 79
-3.43 11.2948 79
-2.57956 11.2135 79
-2.83588 11.0048 79
-1.89549 10.739 79
-2.66079 10.5029 79
-1.69468 10.6471 79
-2.54197 9.86973 79
-2.53481 9.98201 79
-1.78219 10.6051 79
-2.68284 9.5577 79
-2.39025 9.87464 79
-2.27208 8.94278 79
-2.19911 9.58547 79
-2.14442 8.76082 79
-2.87595 8.50677 79
-2.38653 8.57778 79
-1.77847 8.11929 79
-1.49148 7.77885 79
-2.48142 7.5227 79
-0.987421 7.75826 79
-1.3703 7.77508 79
-1.33525 7.69292 79
-0.993102 6.8543 79
-1.13326 7.31748 79
-0.96346 7.27202 79
-1.55585 7.04827 79
-0.811369 6.55334 79
-1.71731 6.52911 79
-2.66586 6.69147 79
-0.718035 6.49831 79
-0.344789 6.12799 79
-0.280648 7.37547 79
0.319611 6.2418 79
0.388808 5.91739 79
0.654452 5.99664 79
-2.59011 5.94997 79
-2.81089 5.9419 79
-3.51122 6.33528 79
-2.78766 5.88131 79
-3.30273 5.96907 79
-3.35977 5.50595 79
-3.66055 6.57772 79
-3.18311 5.76293 79
-3.307 5.60687 79
-3.45469 5.20938 79
-4.26383 4.87768 79
-3.07683 4.50354 79
-4.68081 4.96266 79
-4.89406 5.54772 79
-4.86746 4.23513 79
-5.3113 4.14366 79
-5.99216 4.63159 79
-6.10062 4.00146 79
-5.40338 5.33972 79
-5.57066 5.18259 79
-5.52482 5.54096 79
-4.87183 6.26717 79
-5.01884 6.34715 79
-4.23429 7.23649 79
-3.51489 7.64846 79
-4.62045 7.45329 79
-3.31606 8.398 79
-3.20088 8.23693 79
-3.65368 9.76595 79
-1.71163 11.1164 79
-1.66705 10.8705 79
-1.53039 11.4037 79
0.724972 11.5572 79
1.46483 11.1821 79
1.34371 11.0479 79
1.3408 10.1495 79
2.10045 11.2859 79
2.7657 11.6098 79
2.39404 10.7277 79
2.90246 11.0628 79
3.40259 11.8964 79
2.46262 10.2998 79
2.57494 9.85049 79
2.68192 9.57614 79
1.98508 10.0646 79
2.13574 10.0975 79
1.76008 9.61975 79
1.57067 8.93769 79
1.19775 9.71536 79
1.3727 9.42208 79
1.50855 9.07139 79
0.53543 9.38294 79
0.731725 9.73303 79
3.42456 9.98741 79
3.99937 9.46846 79
3.67579 9.7084 79
3.77142 8.89982 79
3.45426 11.9043 79
1.93619 6.49271 79
3.64869 4.67879 79
4.57363 4.9268 79
3.57374 3.98871 79
-4.14762 3.03389 79
-4.84761 2.06636 79
-5.61167 2.07883 79
-5.54651 2.25756 79
5.01281 -1.80039 79
5.53277 -1.49404 79
5.49713 -0.955214 79
1.84387 -1.12259 79
2.21759 -0.60365 79
1.35205 -0.81925 79
1.532 -1.37916 79
3.6631 -3.10958 79
3.8654 -2.96687 79
4.31891 -3.38156 79
4.29623 -3.49811 79
4.18196 -3.37812 79
4.20978 -3.76732 79
4.2531 -2.95646 79
-4.17424 -1.6098 79
-4.64336 -2.26498 79
-4.41603 -3.17809 79
-4.35297 -3.64552 79
-4.90253 -4.24284 79
-4.90764 -5.06478 79
-4.60444 -5.51583 79
-4.84269 -5.7246 79
-3.95796 -5.11549 79
-4.07139 -5.52627 79
-4.18356 -5.66089 79
-3.5767 -6.18242 79
-3.7923 -5.43652 79
-3.321 -5.6889 79
-3.2336 -5.58509 79
-3.05759 -5.44155 79
-2.98742 -5.80945 79
-2.7709 -6.03079 79
-2.94069 -5.75194 79
-2.86547 -5.38633 79
-2.73065 -6.64266 79
-2.45679 -6.64761 79
-3.85588 -4.57175 79
-3.69341 -7.01126 79
-3.88978 -7.49377 79
-4.0032 -7.18322 79
-4.69276 -7.27589 79
-5.19828 -7.7832 79
-4.99269 -7.02005 79
-5.80536 -7.0212 79
-5.05743 -8.64303 79
-4.49148 -8.29495 79
-3.5216 -8.41866 79
-4.09455 -8.63183 79
-5.28739 -8.87231 79
-5.43692 -9.77443 79
-4.72239 -9.65145 79
-4.063 -9.8914 79
2.46866 -9.561 79
3.08852 -9.66114 79
2.4955 -10.1393 79
2.46743 -10.1679 79
2.62573 -10.6432 79
2.38943 -10.7313 79
2.80336 -10.3182 79
3.20295 -10.6639 79
2.75119 -11.3435 79
3.2896 -11.3826 79
3.75161 -11.8495 79
2.12669 -11.5038 79
-0.855479 -13.2844 79
-0.74548 -13.1404 79
-1.42223 -13.284 79
-2.00024 -13.3217 79
-2.10466 -14.0864 79
-1.75281 -14.7737 79
-1.5456 -14.3068 79
-1.35913 -15.1692 79
-1.14294 -15.4235 79
-1.27887 -15.8318 79
-1.79581 -16.0128 79
-1.87344 -15.5591 79
-1.38157 -16.2856 79
-2.15796 -16.3782 79
-2.47285 -16.252 79
-3.15832 -16.4405 79
-3.98658 -15.9992 79
-3.68672 -17.0841 79
-3.99979 -15.9463 79
-1.41522 -16.7342 79
-0.91138 -17.4119 79
-0.402449 -16.697 79
-0.794521 -17.6641 79
-0.566246 -18.5735 79
-1.37896 -18.4178 79
-2.07374 -17.9659 79
-1.43115 -19.3708 79
-1.81897 -18.771 79
-2.41286 -18.8896 79
-1.75501 -19.9708 79
-1.06071 -19.6101 79
-1.2662 -19.6306 79
-2.16076 -20.2297 79
-1.9458 -20.7931 79
-2.21808 -21.1496 79
-2.44361 -21.7477 79
-2.71127 -12.0207 79
-2.82587 -11.3694 79
-2.84236 -11.3035 79
-3.00518 -10.8451 79
-1.80677 24.2468 80
-1.5351 25.0966 80
-2.47098 23.7282 80
-1.83395 24.0653 80
-3.05548 22.6636 81
-3.72419 22.6931 81
-3.91771 23.3486 81
-2.83418 -30.9668 82
-2.05014 -31.3068 82
-1.91767 -31.3586 82
5.35227 -10.817 83
5.24406 -10.8324 83
1.58679 -20.0754 84
1.56679 -19.4873 84
1.05878 -19.4698 84
1.38693 -19.5762 84
0.516589 -19.3904 84
1.24066 -18.7232 84
1.86332 -18.4818 84
2.76306 20.6285 85
3.39798 21.2631 85
3.49521 21.195 85
3.35875 20.7964 85
2.99645 19.8274 85
3.02937 19.3867 85
3.40491 19.0753 85
4.11535 17.9036 86
4.39607 16.9971 86
4.24928 17.5843 86
4.47591 16.4614 86
-2.61557 -24.8737 87
-6.53096 -8.06161 88
-4.84427 -29.0762 89
-4.11055 13.9971 90
0.228097 29.1958 91
-2.70809 20.9762 92
-2.41535 21.0383 92
-2.70424 21.4091 92
0.758472 -16.5905 93
1.21942 -17.0553 93
0.50483 -17.5386 93
1.80912 -16.9372 93
-0.373509 22.1311 94
-1.04869 21.805 94
-0.238803 21.9885 94
-0.909181 22.0638 94
-0.945056 22.4376 94
-1.63665 22.8931 94
-5.39196 9.84281 95
-5.29485 9.09761 95
-5.42597 9.17076 95
-5.34049 10.156 95
5.25957 -9.66141 96
5.93204 -9.88391 96
2.53899 -21.362 97
2.29269 -21.7039 97
2.2744 -21.1794 97
2.4607 -21.5679 97
1.38524 -22.0993 97
1.33493 -21.6135 97
1.29565 -22.2826 97
1.03592 -21.2452 97
0.564389 -22.1861 97
0.519707 -22.4467 97
0.0985048 -23.1833 97
-0.503319 -23.8022 97
0.133693 -21.0957 97
6.62955 16.2342 98
7.34352 15.5711 98
-3.48136 -29.8802 99
-2.89303 -29.8534 99
6.01633 -7.3358 100
5.72328 -6.54659 100
6.0617 -7.22707 100
6.27415 -6.14041 100
5.67657 12.1209 101
4.84668 12.1175 101
4.95684 11.9858 101
5.15713 11.0522 101
-7.46336 -11.5721 102
-7.74169 -11.3367 102
-4.27103 -14.7469 103
-5.0414 -14.3852 103
-4.03382 -20.5999 104
-3.59631 -20.1656 104
-5.23824 15.2273 105
6.12729 -15.8591 106
6.89946 -15.5741 106
5.83716 -15.6708 106
5.67328 -14.8967 106
4.6719 25.9687 107
4.05854 26.5182 107
-8.00036 4.7553 108
-8.55264 -13.6666 109
0.977877 25.0547 110
3.89278 29.3741 111
8.53413 -11.5948 112
5.71966 4.89098 113
-5.27392 0.534772 114
-5.79581 0.394019 114
-0.450098 20.0512 115
0.388641 19.6956 115
0.392189 20.1829 115
-0.471703 19.1382 115
-1.2003 19.3344 115
0.665014 20.6021 115
0.503525 19.7172 115
0.777479 20.0036 115
0.539756 19.5737 115
0.899095 21.1586 115
4.89521 7.23151 116
4.89318 7.34156 116
-1.01169 31.2787 117
-4.11012 -12.6333 118
-7.83965 -7.67067 119
-7.8267 -8.20057 119
4.22625 -9.99655 120
1.83539 19.5727 121
1.80788 19.5808 121
4.76883 13.6196 122
5.1991 13.435 122
5.29876 13.9808 122
5.31578 13.5919 122
-3.89354 27.5978 123
-1.7553 -23.2214 124
4.24738 -6.41382 125
-4.58208 21.0733 126
4.53674 -27.1915 127
5.21451 19.2559 128
3.1757 -15.7764 129
3.03044 -16.14 129
3.49927 -16.4422 129
-5.95054 -2.01328 130
-6.89321 2.38626 131
1.00037 -24.4025 132
1.1579 -23.9687 132
0.596564 -27.5728 133
2.4271 14.7032 134
2.22496 15.0857 134
2.36712 15.9975 134
4.81398 20.858 135
-6.79787 18.147 136
5.26832 -18.3283 137
7.81967 -4.04676 138
1.22275 22.8786 139
-2.89869 34.1365 140
6.26368 3.91151 141
0.608413 23.7869 142
4.32312 -13.6626 143
-3.41665 -34.2105 144
1.18883 -32.0015 145
6.49218 18.6876 146
-3.96477 24.5092 147
3.80682 -20.9529 148
-5.14996 -16.1353 149
3.03024 22.7063 150
-7.47005 -13.9254 151
7.29895 0.912386 152
-7.26905 -19.3771 153
-2.0154 -26.1238 154
-6.21842 -10.4623 155
-2.96237 15.0064 156
5.66589 -12.2219 157
55.8831 -5.55441 158
56.6577 -5.86255 158
56.1196 -5.97178 158
55.3093 -5.44171 158
56.7759 -5.35364 158
55.9628 -5.12427 158
55.8658 -5.59247 158
56.5466 -5.33035 158
55.2059 -5.3643 158
54.9656 -5.68252 158
55.4026 -5.3315 158
56.2343 -6.04269 158
55.0632 -5.44215 158
55.378 -5.45053 158
55.8196 -5.03836 158
56.0891 -4.61445 158
55.9349 -6.27971 158
56.0414 -6.5704 158
54.94 -6.2682 158
55.499 -6.83793 158
55.7312 -6.93163 158
55.4587 -6.95606 158
55.1526 -6.78727 158
54.893 -6.36304 158
54.38 -7.17293 158
55.4977 -7.31526 158
54.9062 -6.73341 158
54.2824 -7.11497 158
54.537 -6.52883 158
54.2864 -6.0494 158
54.6677 -5.88274 158
54.8005 -5.59202 158
54.5795 -5.84753 158
54.173 -7.45123 158
53.3394 -7.99722 158
54.0601 -7.41838 158
53.9012 -8.09611 158
53.5319 -6.88302 158
54.3354 -7.66777 158
54.8442 -8.23761 158
55.3146 -8.24919 158
55.2495 -8.09038 158
55.5353 -8.07253 158
55.811 -8.09733 158
55.3375 -8.7852 158
55.3024 -8.76438 158
55.313 -8.51596 158
55.4272 -8.23007 158
56.3319 -8.26927 158
56.5901 -8.86749 158
56.4684 -7.78901 158
56.7064 -7.51496 158
56.8121 -8.87215 158
57.3396 -8.68817 158
57.1942 -9.02393 158
57.3436 -9.30063 158
57.4663 -9.44242 158
57.924 -9.0142 158
58.2052 -10.0957 158
57.0489 -9.96512 158
58.2053 -9.06469 158
57.7304 -9.57464 158
58.3681 -8.8303 158
58.3818 -8.26328 158
58.5203 -8.32162 158
58.1806 -8.08835 158
59.0497 -8.93754 158
59.1806 -8.53236 158
58.7674 -9.24877 158
58.7407 -8.54689 158
58.908 -7.82622 158
59.0325 -6.85852 158
58.6329 -7.35373 158
59.535 -7.86268 158
60.4347 -8.2384 158
60.3831 -8.31474 158
60.0586 -7.93825 158
60.5444 -7.54891 158
60.5153 -8.48123 158
60.9 -7.84459 158
61.0916 -8.76035 158
61.7335 -7.65093 158
61.5389 -7.13742 158
60.7329 -8.80116 158
61.3331 -8.53749 158
62.1 -8.55219 158
61.5586 -9.13772 158
60.9351 -9.77871 158
61.2936 -10.357 158
60.2601 -10.3403 158
60.6819 -9.81657 158
61.0412 -10.8769 158
61.1517 -10.799 158
58.9558 -6.80388 158
58.4803 -6.57132 158
58.7523 -6.31709 158
58.3744 -5.65019 158
57.8827 -5.96837 158
58.4065 -6.23551 158
57.5503 -6.21175 158
57.5691 -5.99386 158
57.3468 -6.71236 158
57.0443 -7.29606 158
57.2965 -5.16104 158
57.9353 -4.48906 158
58.0295 -4.80863 158
58.2905 -5.19567 158
56.8743 -4.91148 158
57.6348 -4.48155 158
56.9215 -4.9996 158
56.609 -4.41525 158
56.3408 -4.60567 158
56.0285 -3.67539 158
55.3503 -4.5485 158
55.0052 -4.47395 158
55.0128 -4.96407 158
55.6399 -3.7744 158
54.7614 -4.11999 158
55.1606 -3.88068 158
54.902 -4.51924 158
54.4373 -5.04692 158
54.7622 -5.48499 158
54.6753 -3.76189 158
54.6346 -5.46811 158
53.7329 -5.17131 158
54.3908 -5.40179 158
53.7644 -5.66988 158
52.7429 -5.06333 158
52.7286 -5.45511 158
51.9101 -4.86203 158
52.802 -4.31528 158
52.3316 -5.20474 158
52.177 -5.34356 158
52.2118 -5.82294 158
52.3528 -4.90134 158
51.5794 -4.65266 158
52.2217 -3.97073 158
51.8652 -4.06236 158
51.658 -4.44227 158
50.9541 -4.09515 158
51.3474 -3.92847 158
51.2268 -3.83973 158
51.27 -4.32695 158
50.8642 -4.84333 158
51.3785 -4.15353 158
51.0119 -4.54913 158
50.0932 -4.76765 158
50.2401 -4.45178 158
49.806 -4.43239 158
49.987 -3.52525 158
49.738 -4.03713 158
50.5116 -3.02008 158
50.3937 -2.97541 158
50.2144 -2.86146 158
50.904 -3.33145 158
50.2723 -2.81907 158
49.6106 -2.75206 158
48.8544 -2.43323 158
49.2861 -2.33196 158
48.8924 -3.38536 158
48.948 -3.23698 158
49.5515 -2.16952 158
50.1328 -2.49108 158
50.8689 -2.43539 158
50.637 -2.27751 158
50.8148 -2.13771 158
50.2483 -1.54721 158
50.3028 -1.81508 158
49.8656 -1.56801 158
51.0547 -2.84292 158
50.1028 -1.56654 158
51.0418 -2.40539 158
51.4189 -1.97342 158
51.0448 -1.54682 158
51.0775 -2.81988 158
51.9639 -2.33871 158
51.8455 -1.88316 158
51.7581 -2.9977 158
50.7238 -1.56068 158
50.4671 -0.884864 158
50.6759 -1.15774 158
50.0921 -1.40612 158
51.3997 -1.0849 158
51.4112 -1.06492 158
51.2345 -1.11589 158
50.2577 -1.32568 158
50.2382 -0.778883 158
50.5467 -0.758465 158
50.7104 -1.34823 158
50.9694 -1.213 158
51.3546 -1.00126 158
50.7571 -1.20591 158
50.6839 -1.01362 158
50.7251 -0.351379 158
51.4681 -0.530281 158
50.8522 -0.163044 158
50.2423 -0.34673 158
50.2753 -0.597324 158
50.3638 -0.114606 158
50.142 -0.28714 158
50.7393 -0.237314 158
51.2777 -0.637661 158
51.7081 -1.06728 158
52.0767 -1.10126 158
50.9237 -0.0188211 158
51.9309 -1.14226 158
51.6641 -0.783109 158
51.983 -1.31021 158
50.6965 0.0956574 158
50.7787 0.149564 158
52.1519 -0.741477 158
51.7671 -0.963478 158
52.1294 -1.77531 158
52.498 -0.97183 158
53.1138 -1.31539 158
53.1837 -0.867517 158
52.773 -1.20513 158
52.8903 -1.2105 158
53.4586 -1.12052 158
53.4758 -2.12028 158
54.1708 -1.40219 158
54.0172 -1.42108 158
53.782 -0.196966 158
53.3908 -2.04052 158
54.2138 -0.892945 158
54.0308 -0.559894 158
53.1142 -2.03199 158
53.3974 -1.54482 158
53.7009 -1.53045 158
54.0279 -1.57872 158
53.7178 -0.202598 158
53.4102 -1.98804 158
54.1025 -0.633527 158
54.42 -0.153918 158
53.8526 -0.143305 158
54.8407 -0.665226 158
54.4522 -0.533507 158
55.184 -0.909537 158
55.1306 -1.08861 158
55.0998 -1.78764 158
55.3036 -1.16837 158
56.2107 -1.26324 158
56.6018 -0.699964 158
56.2876 -0.72101 158
56.5354 -0.337484 158
56.8127 0.0542623 158
56.8166 0.919831 158
56.6334 1.32396 158
56.4657 1.35859 158
55.1476 -2.39305 158
55.2617 -2.47715 158
54.5077 -1.89107 158
54.5887 -2.57056 158
54.4381 -3.49584 158
53.8126 -2.73248 158
53.8466 -2.35743 158
55.0597 -3.0558 158
54.9367 -3.34317 158
55.661 -3.12861 158
55.6067 -2.81765 158
55.2129 -3.51799 158
56.3551 -2.28346 158
56.6888 -2.88038 158
56.6496 -2.76291 158
56.8195 -2.84477 158
56.482 -3.56518 158
56.93 -3.1342 158
57.6524 -3.39752 158
57.2755 -3.42941 158
57.4861 -3.02577 158
58.0763 -2.42652 158
58.133 -3.59153 158
58.9266 -3.23656 158
58.5521 -3.59249 158
53.0747 -2.88962 158
53.3513 -2.24978 158
52.402 -2.20617 158
52.3435 -3.17831 158
52.0742 -2.14689 158
52.7495 -3.13806 158
52.4036 -2.82695 158
52.1798 -2.16559 158
52.3187 -3.03066 158
52.3495 -2.29955 158
52.4683 -2.81703 158
52.1025 -2.0867 158
53.2602 -3.34638 158
51.9436 -3.10787 158
52.7953 -3.29504 158
52.9613 -3.65758 158
52.7677 -3.56279 158
53.1448 -4.08393 158
53.2563 -3.58128 158
53.0528 -3.99276 158
53.4915 -3.37829 158
54.0208 -4.01826 158
53.81 0.50797 158
53.5542 0.594794 158
53.0679 0.31719 158
53.7309 0.515449 158
53.8617 0.413083 158
53.2698 0.0664694 158
53.7254 0.894879 158
52.5867 0.467413 158
52.707 0.108378 158
53.6373 0.951254 158
53.4166 0.984087 158
53.0787 0.959433 158
52.5043 1.3363 158
52.6073 1.37669 158
53.0671 1.85786 158
53.9027 1.40803 158
52.2945 1.14763 158
53.6937 1.16583 158
53.0201 1.31548 158
52.5848 1.98849 158
53.8134 1.81794 158
54.1751 1.78748 158
54.7079 2.07071 158
53.5963 2.58542 158
52.8429 2.47131 158
53.1551 3.0761 158
52.4089 3.53666 158
51.8299 2.8598 158
50.9 3.19338 158
51.41 3.22513 158
51.5 2.74132 158
51.1614 2.88436 158
51.9633 2.20898 158
51.1226 1.7896 158
50.8406 2.09895 158
50.31 1.26297 158
50.9325 1.74143 158
50.1902 2.0083 158
50.3468 1.32878 158
49.8316 1.12276 158
49.7147 0.796617 158
49.5011 0.970741 158
49.4568 1.16544 158
49.9365 2.1455 158
50.0324 1.72925 158
49.7308 2.03554 158
49.9416 1.27742 158
50.241 0.514696 158
50.3044 -0.0768721 158
50.1034 -0.0792408 158
50.2595 0.0433321 158
50.5303 0.166918 158
49.4441 0.431452 158
49.3666 0.573494 158
49.491 -0.0806569 158
49.9304 0.0234985 158
49.4988 0.401442 158
49.4858 -0.533039 158
48.8786 0.867508 158
49.6462 -0.57727 158
49.0757 -0.23112 158
49.0186 0.385766 158
49.3641 -0.5269 158
48.8386 0.178626 158
49.471 -0.557226 158
49.2209 1.13712 158
49.019 0.355465 158
49.1249 0.598728 158
49.0811 0.291839 158
49.0969 1.16345 158
48.493 1.01581 158
48.5128 1.5408 158
48.557 1.33856 158
48.3388 1.49554 158
48.2687 0.895188 158
48.4981 1.23473 158
48.9463 1.46855 158
48.3925 0.901338 158
48.0704 1.23152 158
48.0619 1.76273 158
47.8852 1.59709 158
47.9475 1.42364 158
48.061 1.15555 158
48.0729 1.67388 158
47.6736 1.51314 158
47.1926 0.681048 158
47.2323 1.46046 158
47.1412 1.43752 158
47.0754 1.26778 158
48.2306 2.07338 158
47.1924 0.806374 158
46.3863 1.32913 158
47.1793 0.0919198 158
47.6881 0.0798105 158
47.2485 0.262005 158
47.0377 0.175099 158
46.96 -0.104446 158
47.1056 -0.631548 158
47.8406 -0.219915 158
48.1457 -0.507637 158
48.1309 -0.999813 158
48.0221 -0.886867 158
48.9813 -0.700319 158
48.2009 -1.27276 158
48.753 -1.24727 158
48.6209 -1.30481 158
48.3103 -1.33494 158
47.6194 -1.94354 158
48.8985 -1.60327 158
49.101 -1.73945 158
49.069 -1.07805 158
49.0278 -1.71196 158
47.9409 -2.00843 158
47.661 -1.87383 158
47.8448 -2.00685 158
47.7886 -2.93525 158
47.1453 -2.62607 158
47.7029 -2.20028 158
46.7629 -2.25549 158
49.4124 -1.06172 158
48.9411 -0.435246 158
49.66 -0.713479 158
46.6572 -1.0965 158
45.9001 -1.03975 158
45.4794 -1.69337 158
45.6241 -1.0531 158
45.2903 -0.489499 158
45.8985 -0.101711 158
45.7248 0.809773 158
46.1877 0.820305 158
45.588 0.391802 158
45.2721 1.30758 158
45.7447 1.19621 158
45.8438 2.05578 158
45.8035 1.49276 158
45.252 1.97843 158
45.5882 2.19674 158
45.1666 2.44419 158
44.4299 1.77118 158
44.5574 1.94367 158
44.7645 2.21872 158
44.6978 2.31843 158
45.0381 2.89461 158
45.0355 3.61473 158
45.7077 3.021 158
45.1195 3.05184 158
44.2735 2.57147 158
44.3214 2.88066 158
45.8755 2.98239 158
46.5332 2.56984 158
46.7456 3.467 158
46.1517 2.79057 158
46.3907 2.58442 158
46.0141 3.66105 158
46.2926 2.12783 158
46.5202 2.10292 158
46.8321 2.41723 158
46.6608 1.95547 158
46.6313 1.94368 158
47.7039 2.6061 158
46.9486 3.25881 158
47.0081 3.99897 158
47.3239 3.80268 158
47.4865 3.65314 158
46.7156 3.82586 158
47.563 3.41679 158
46.6549 3.73468 158
47.2858 3.82926 158
47.4196 3.67749 158
47.4495 4.12017 158
46.7224 4.5829 158
48.2163 4.33116 158
47.6138 4.0226 158
46.7109 4.67126 158
46.95 4.37776 158
48.1871 3.64317 158
46.7295 4.54825 158
48.1391 3.82326 158
48.282 3.65684 158
49.1579 3.51463 158
48.5159 3.02655 158
48.5126 3.10085 158
48.3326 3.59644 158
48.4199 3.09892 158
48.4769 4.23609 158
48.4821 3.11498 158
48.7812 2.94616 158
48.7051 2.73869 158
49.674 3.06268 158
49.1956 2.90747 158
49.6335 3.78856 158
50.1297 3.17374 158
49.9737 4.09349 158
49.9679 3.93806 158
50.2334 2.36584 158
50.7746 3.8685 158
51.0137 3.98404 158
50.9826 4.48262 158
50.2574 4.45686 158
51.1292 4.45764 158
50.5238 4.4282 158
51.3097 5.03438 158
51.9105 4.99568 158
51.3107 5.7413 158
52.0387 4.91915 158
51.7356 5.53096 158
52.4568 5.93718 158
51.1684 6.28881 158
50.5115 5.94969 158
52.437 4.68841 158
52.3614 4.59189 158
48.3062 5.09747 158
47.7575 5.53793 158
48.126 5.74503 158
48.6545 5.95868 158
47.9762 5.57731 158
47.3098 5.85811 158
47.2723 5.69918 158
47.1098 6.00927 158
47.8054 6.10988 158
47.7345 6.67201 158
48.0984 6.78474 158
47.2401 7.39896 158
46.6916 6.66364 158
46.8272 7.77728 158
46.0176 7.91781 158
46.1305 7.37611 158
45.3331 7.27963 158
45.641 6.60413 158
45.7083 7.80612 158
46.1251 6.80934 158
45.2109 6.1753 158
44.9988 7.04907 158
45.5846 5.89376 158
45.1306 5.9059 158
45.0219 5.46021 158
44.224 5.88573 158
44.8904 5.90299 158
44.7193 5.43057 158
44.2373 6.01973 158
43.5927 6.13616 158
44.0426 5.25294 158
43.618 5.79262 158
42.9261 6.2081 158
42.7379 5.92098 158
42.88 6.36633 158
42.4829 6.26569 158
42.4838 6.46767 158
42.0851 6.84377 158
42.9502 6.69589 158
42.4956 6.28927 158
42.5503 5.66372 158
42.3367 6.59883 158
41.5501 7.12722 158
42.147 7.48603 158
41.6431 8.3367 158
41.6404 7.75104 158
42.0676 8.28389 158
42.6072 8.30856 158
42.0376 8.45551 158
41.8515 7.76308 158
41.3208 7.85846 158
41.0902 8.39895 158
41.1604 7.20632 158
40.9742 7.56813 158
41.6191 8.60817 158
40.9438 7.35793 158
40.8757 8.43033 158
41.0115 8.043 158
41.0956 8.01779 158
40.7075 7.68601 158
40.8996 7.87391 158
40.9418 8.14857 158
40.4688 8.77017 158
40.7403 9.02129 158
40.3885 8.81375 158
39.9426 9.33066 158
40.6935 9.47212 158
40.8937 9.46928 158
39.9628 9.63868 158
39.0445 9.76078 158
40.4975 10.3814 158
40.2981 10.3465 158
40.5474 10.7698 158
40.4558 11.1034 158
41.0092 9.94807 158
41.0249 9.65744 158
41.1866 10.8887 158
41.5701 10.1651 158
42.1736 9.97385 158
41.8468 10.6012 158
42.0073 10.6392 158
42.0268 11.4151 158
42.7394 11.9639 158
42.4251 11.6923 158
42.2797 11.8391 158
42.7619 11.9505 158
42.7615 11.8152 158
42.9966 11.6756 158
38.4948 10.3557 158
39.0396 10.2331 158
39.196 8.83942 158
39.277 10.5262 158
38.4527 10.9385 158
39.4195 11.3483 158
39.1553 11.5672 158
37.5229 11.1739 158
38.0054 10.1342 158
37.7419 11.5448 158
37.395 11.4491 158
36.7522 11.409 158
37.3754 11.1831 158
38.1809 11.9847 158
37.2978 10.762 158
37.1771 11.4743 158
37.1332 11.5589 158
37.468 12.3904 158
37.46 12.1665 158
37.6791 13.1276 158
37.8714 13.7515 158
37.6411 13.5916 158
36.8028 10.819 158
36.2325 10.1232 158
35.3121 9.74492 158
37.4357 9.82899 158
37.1636 9.68538 158
38.6337 8.23424 158
38.65 7.24006 158
39.5226 7.45855 158
39.0227 7.12373 158
39.5242 6.97966 158
39.8253 7.46049 158
40.1762 6.97908 158
39.0031 6.24345 158
38.5492 5.66557 158
38.2005 6.1391 158
39.5625 5.51328 158
40.2189 6.06014 158
40.1867 5.73117 158
41.0374 6.2121 158
40.6664 5.50233 158
41.244 6.29007 158
41.1999 5.14106 158
41.1251 5.22517 158
41.2123 6.19834 158
41.3224 4.82138 158
41.3032 5.2523 158
42.0483 4.68036 158
41.6431 5.18455 158
42.2674 4.64296 158
41.933 3.94451 158
42.227 4.34215 158
42.9807 4.45138 158
43.4245 4.41563 158
42.9097 3.53214 158
43.7939 4.7592 158
43.5125 4.49906 158
43.5955 4.46613 158
44.432 4.11892 158
44.0044 4.34535 158
44.1562 4.43398 158
43.8982 3.85569 158
44.7737 4.03618 158
44.1533 3.37559 158
43.3703 2.81606 158
44.8785 4.06375 158
45.4043 4.06823 158
44.5633 4.99183 158
45.7911 4.6203 158
46.0702 4.44112 158
46.2009 4.6856 158
43.9504 2.34797 158
43.8007 2.18545 158
43.0284 1.96485 158
43.8601 2.15931 158
43.4352 1.8552 158
43.7241 1.48872 158
42.751 2.02941 158
43.6659 1.79508 158
43.6895 1.59723 158
43.8679 1.21255 158
43.534 0.40431 158
44.6353 0.984156 158
43.1802 0.167914 158
42.6145 0.428229 158
43.5656 -0.476738 158
43.3182 -0.856402 158
42.4924 -0.996629 158
42.8637 -1.51718 158
42.4038 -0.0799754 158
42.3977 -0.309395 158
42.1753 -0.0245955 158
42.1191 0.9504 158
41.9588 0.902261 158
41.8792 2.08553 158
42.093 2.88652 158
41.4535 1.96381 158
41.7005 3.55532 158
41.8959 3.52377 158
40.4911 4.27831 158
40.8987 6.60833 158
41.1047 6.46698 158
40.8222 6.93935 158
42.3006 8.64945 158
43.0878 8.91101 158
43.0978 8.73053 158
43.734 8.09615 158
43.4614 9.43561 158
43.6995 10.1362 158
44.0646 9.25123 158
44.1844 9.84828 158
43.9442 10.7903 158
44.4168 8.99878 158
44.815 8.76234 158
45.0852 8.64523 158
44.2478 8.49401 158
44.3304 8.62423 158
44.4054 8.02109 158
44.7566 7.40648 158
43.9417 7.68894 158
44.2732 7.60679 158
44.6179 7.45645 158
43.7117 6.98448 158
43.6011 7.37033 158
45.3158 9.46224 158
46.089 9.5053 158
45.6908 9.44432 158
46.3325 8.94314 158
43.975 10.8325 158
46.7507 5.94524 158
49.2445 5.88501 158
49.7194 6.7166 158
49.682 5.34606 158
44.9256 -0.810887 158
45.1202 -1.98912 158
44.5735 -2.5231 158
44.4924 -2.35101 158
54.8072 2.29367 158
54.9555 2.87865 158
54.5477 3.23258 158
52.0952 0.519665 158
51.9896 1.1504 158
51.5336 0.383808 158
52.058 0.117546 158
54.7872 0.413428 158
54.8282 0.65758 158
55.442 0.687856 158
55.5088 0.58971 158
55.3431 0.592992 158
55.6392 0.338818 158
55.0937 0.940314 158
48.2055 -4.09823 158
48.3407 -4.89263 158
49.1494 -5.37382 158
49.5258 -5.65803 158
49.5633 -6.46883 158
50.1436 -7.05098 158
50.6774 -7.15307 158
50.658 -7.46925 158
50.848 -6.41207 158
51.06 -6.78176 158
51.0767 -6.9562 158
51.8743 -6.89219 158
51.1927 -6.52034 158
51.7037 -6.36319 158
51.6914 -6.22804 158
51.7134 -6.00198 158
52.0241 -6.21108 158
52.3337 -6.21307 158
52.0161 -6.1374 158
51.8094 -5.82664 158
52.7967 -6.61513 158
52.993 -6.42408 158
50.5336 -5.95684 158
52.3809 -7.55847 158
52.5854 -8.03757 158
52.285 -7.89956 158
51.8655 -8.45462 158
51.87 -9.17079 158
51.4726 -8.4876 158
50.9015 -9.0657 158
52.58 -9.67592 158
52.731 -9.0289 158
53.5016 -8.42701 158
53.2497 -8.98405 158
52.581 -10.0007 158
53.1165 -10.7418 158
53.5321 -10.1477 158
54.1667 -9.84818 158
58.5292 -4.97584 158
59.0367 -4.60601 158
58.9589 -5.36378 158
58.9595 -5.40387 158
59.4085 -5.62595 158
59.3048 -5.85587 158
59.3027 -5.27107 158
59.8295 -5.23053 158
59.9943 -6.02977 158
60.401 -5.6748 158
61.0579 -5.67524 158
59.6686 -6.58619 158
58.8345 -9.95785 158
58.8096 -9.77837 158
58.4353 -10.3602 158
58.0552 -10.7973 158
58.525 -11.4097 158
59.2608 -11.6435 158
59.075 -11.1677 158
59.8189 -11.6422 158
60.1517 -11.6677 158
60.3461 -12.0516 158
60.1108 -12.5462 158
59.7339 -12.282 158
60.5961 -12.4439 158
60.1154 -13.0606 158
59.8042 -13.1955 158
59.4556 -13.8151 158
58.5591 -14.0928 158
59.5409 -14.6434 158
58.5123 -14.065 158
60.8911 -12.7836 158
61.7271 -12.9027 158
61.5775 -12.038 158
61.9886 -12.9972 158
62.7952 -13.4751 158
62.1125 -13.9428 158
61.3026 -14.1183 158
62.7528 -14.6506 158
62.0538 -14.504 158
61.72 -15.0093 158
62.951 -15.303 158
63.1835 -14.556 158
63.0534 -14.7163 158
62.8494 -15.7735 158
63.4009 -16.0173 158
63.4625 -16.4616 158
63.7286 -17.0428 158
56.6306 -10.3867 158
56.0873 -10.0097 158
56.0289 -9.97498 158
55.5887 -9.76801 158
31.5045 15.7825 159
31.0921 16.5737 159
31.4054 14.9457 159
31.6143 15.6355 159
31.7503 13.7812 160
31.2586 13.327 160
30.6568 13.6509 160
70.0025 -23.8091 161
70.7959 -23.4915 161
70.9259 -23.4338 161
61.451 -3.81147 162
61.3858 -3.89917 162
65.3775 -13.0028 163
64.9456 -12.6031 163
64.5757 -12.9516 163
64.8822 -12.7934 163
64.1377 -13.2809 163
64.1733 -12.297 163
64.4401 -11.6847 163
37.2912 16.482 164
37.2873 17.3797 164
37.4041 17.4009 164
37.5913 17.0233 164
38.0246 16.0839 164
38.3608 15.7972 164
38.8463 15.8447 164
40.1787 15.5247 165
41.0202 15.0861 165
40.4998 15.3951 165
41.4569 14.7658 165
65.8281 -19.3652 166
51.1298 -10.3134 167
67.2448 -23.9063 168
37.1639 6.93183 169
29.4212 20.7114 170
33.1934 12.8403 171
33.3553 13.0919 171
32.8886 13.1477 171
62.3189 -11.1383 172
62.9736 -11.1381 172
62.814 -11.9859 172
63.3047 -10.636 172
34.0162 15.3115 173
33.7727 14.6024 173
34.2123 15.3069 173
33.687 14.8837 173
33.3962 15.1212 173
32.5859 14.9506 173
39.213 3.09761 174
39.8107 2.64209 174
39.6665 2.60044 174
39.0268 3.3546 174
60.5649 -3.06398 175
61.1963 -2.74289 175
66.9616 -13.2319 176
67.0311 -13.6476 176
66.6457 -13.2914 176
67.0527 -13.4325 176
66.6733 -14.5705 176
66.2928 -14.2643 176
66.7405 -14.7632 176
65.8207 -14.2175 176
66.1572 -15.2146 176
66.3109 -15.4298 176
66.5376 -16.2475 176
66.5537 -17.1106 176
65.0795 -14.7531 176
43.1342 16.1357 177
44.1077 16.1762 177
68.7752 -23.504 178
69.1702 -23.0673 178
59.4456 -0.889552 179
58.6787 -0.542239 179
59.4003 -0.780791 179
58.7779 0.134962 179
45.3853 12.5636 180
44.8036 11.9717 180
44.9747 11.9572 180
45.7788 11.4424 180
52.9672 -13.4466 181
52.6041 -13.4786 181
57.4693 -13.4135 182
56.6702 -13.7062 182
61.794 -17.3645 183
61.7934 -16.7481 183
35.4964 6.99664 184
65.5782 -6.80981 185
65.9193 -6.06074 185
65.2403 -6.88339 185
64.5751 -6.45497 185
34.8413 21.5967 186
34.0193 21.5477 186
40.991 -2.33609 187
53.6884 -15.6946 188
32.8906 18.3293 189
31.874 23.4401 190
64.2431 -2.09868 191
50.5514 7.50547 192
45.9081 -3.36995 193
45.6408 -3.83975 193
35.4397 13.7932 194
36.2827 14.1387 194
35.939 14.4842 194
36.0731 13.1353 194
35.4209 12.7558 194
35.8333 14.9731 194
36.3483 14.2355 194
36.3376 14.6317 194
36.4757 14.1603 194
35.6028 15.531 194
48.3085 8.5672 195
48.2289 8.64321 195
27.069 21.2967 196
56.0812 -11.8115 197
49.931 -10.9679 198
50.3165 -11.3317 198
60.0757 -4.03389 199
37.3883 15.0799 200
37.3632 15.0661 200
43.6818 12.9737 201
44.1158 13.1494 201
43.7982 13.6043 201
44.0864 13.3427 201
27.6553 16.6588 202
65.26 -17.5912 203
57.5456 -1.49719 204
31.8055 11.5774 205
72.5087 -15.9159 206
39.9917 17.2573 207
63.442 -8.84829 208
63.5981 -9.20739 208
64.1427 -9.08704 208
47.2419 -5.64402 209
43.4532 -3.21706 210
68.0385 -16.465 211
67.8412 -16.0477 211
70.0063 -18.9832 212
41.2639 12.0729 213
40.8499 12.1985 213
40.3022 12.9412 213
38.5717 18.1005 214
32.3246 7.94378 215
66.7277 -9.15793 216
58.3785 2.70644 217
34.6087 16.9716 218
23.7108 21.9677 219
51.6301 7.20252 220
33.5312 17.1745 221
62.7481 -6.54541 222
71.8968 -26.506 223
73.5691 -21.6796 224
41.2947 17.7649 225
29.7992 14.4343 226
67.5634 -12.0434 227
57.837 -15.015 228
36.0033 18.1343 229
54.6342 -15.1077 230
54.4892 5.82701 231
58.6483 -18.8021 232
67.1386 -19.8188 233
53.0551 -11.7811 234
37.2551 8.45788 235
62.6698 -4.57755 236
25.1952 -12.0221 237
25.6405 -11.4033 237
24.5381 -11.6761 237
24.5849 -12.229 237
25.0296 -12.9425 237
25.3448 -11.6761 237
25.0857 -12.9774 237
25.5215 -12.2139 237
24.9175 -11.1678 237
24.4556 -11.8109 237
25.1115 -11.0545 237
24.748 -11.2084 237
25.0123 -12.876 237
25.0652 -12.1376 237
24.8714 -11.9004 237
25.9662 -12.1453 237
24.9756 -11.4211 237
24.2533 -11.7303 237
25.5569 -11.9606 237
25.156 -12.0258 237
25.5347 -11.7505 237
26.1913 -11.9365 237
25.8214 -12.1005 237
24.8536 -11.8684 237
24.4584 -11.8817 237
24.4065 -11.8365 237
25.0153 -11.8976 237
24.382 -12.5133 237
25.002 -11.7637 237
25.0955 -12.1704 237
24.6979 -11.8568 237
25.6184 -11.4922 237
24.9135 -11.9142 237
25.4246 -11.5705 237
25.5171 -11.9201 237
26.0079 -11.8933 237
25.0577 -11.2145 237
26.0697 -12.3989 237
25.4029 -12.4858 237
25.8756 -11.5993 237
24.7164 -12.159 237
25.24 -11.6657 237
24.7753 -12.5348 237
25.9017 -12.4339 237
24.3777 -11.7852 237
24.3917 -10.9754 237
24.7061 -11.0405 237
24.0198 -12.5193 237
23.9239 -11.9886 237
24.3124 -11.2771 237
23.7197 -11.8257 237
24.0243 -11.9802 237
24.1603 -10.892 237
23.9539 -11.5729 237
24.6268 -11.0762 237
24.6837 -10.9243 237
23.6731 -12.2635 237
24.0131 -12.1798 237
24.4791 -10.945 237
23.9068 -11.2569 237
24.1065 -11.8641 237
24.3125 -11.2447 237
23.6701 -12.0561 237
23.7431 -11.0932 237
24.0695 -11.8422 237
24.4861 -11.1695 237
24.11 -12.2375 237
23.9008 -12.1934 237
24.108 -10.8397 237
24.4172 -11.1184 237
23.8053 -12.1093 237
24.7362 -10.934 237
23.5555 -11.9545 237
23.6219 -11.6662 237
23.3338 -11.3781 237
23.0455 -11.4445 237
22.8907 -11.1947 237
22.9875 -12.04 237
23.5826 -12.5795 237
22.8066 -11.0992 237
22.9478 -12.3558 237
23.1616 -12.4035 237
23.3381 -12.4568 237
23.1578 -10.9305 237
22.9439 -11.3299 237
23.7553 -10.6875 237
23.1359 -10.8935 237
22.7365 -11.3269 237
23.2697 -10.7467 237
23.4271 -11.0461 237
23.0198 -10.9757 237
23.1743 -11.2803 237
23.7229 -10.6876 237
22.96 -12.0125 237
23.0114 -11.0761 237
22.9736 -12.412 237
22.588 -12.0264 237
23.3393 -12.7307 237
22.8808 -12.3954 237
23.6534 -12.8655 237
22.8826 -13.0053 237
22.2887 -13.0052 237
22.558 -12.3098 237
22.5162 -12.4937 237
23.562 -12.9407 237
22.1576 -12.8259 237
22.1741 -12.8424 237
22.5063 -12.4838 237
23.4923 -12.7709 237
22.6902 -12.442 237
23.5476 -12.9874 237
22.5432 -11.6619 237
22.5965 -11.8384 237
22.6442 -12.0522 237
22.6046 -12.1192 237
23.6396 -13.0576 237
22.9998 -13.3304 237
23.6037 -13.2336 237
23.6184 -14.0714 237
23.7211 -13.958 237
23.5778 -13.321 237
23.2472 -13.6934 237
22.842 -14.0946 237
23.2042 -14.0032 237
23.6409 -13.7923 237
23.1266 -13.8898 237
22.5272 -14.063 237
22.8953 -13.5216 237
23.4544 -13.5767 237
23.5848 -14.1836 237
24.174 -12.9934 237
23.9943 -12.8322 237
24.1445 -13.3211 237
23.8571 -13.8559 237
24.2545 -13.2851 237
25.0208 -13.1798 237
24.3362 -13.0522 237
24.5976 -14.1742 237
25.0449 -13.8747 237
24.6172 -13.0399 237
24.8762 -13.6416 237
24.601 -13.1844 237
25.0808 -13.0562 237
25.7105 -12.9591 237
25.7503 -13.6626 237
25.5918 -13.828 237
25.8525 -12.8271 237
25.4007 -13.1317 237
25.5451 -13.6243 237
25.178 -13.8806 237
25.7585 -14.1476 237
25.5048 -14.3847 237
25.5166 -14.8476 237
26.0588 -14.8675 237
26.2194 -14.2638 237
25.1337 -15.2739 237
26.2407 -14.6808 237
26.5868 -15.0188 237
26.5668 -14.8718 237
26.2956 -15.5707 237
26.8091 -14.2343 237
26.0359 -15.3113 237
26.3869 -14.8941 237
26.3852 -15.5248 237
26.8633 -14.6204 237
26.3349 -15.4034 237
26.0004 -16.1006 237
27.2927 -15.426 237
25.5644 -15.5465 237
27.2744 -15.2949 237
25.5197 -15.6117 237
26.1579 -15.9922 237
25.0985 -15.7958 237
24.4967 -15.9505 237
27.539 -15.3405 237
27.4607 -15.392 237
25.5966 -16.8932 237
26.6444 -13.6606 237
27.4415 -13.6537 237
26.4923 -13.3027 237
26.4703 -12.7877 237
26.5838 -13.5112 237
26.4855 -12.8109 237
26.3023 -13.4547 237
26.6729 -12.6659 237
27.1267 -12.8759 237
26.4017 -13.307 237
26.1259 -13.0768 237
26.4407 -13.1831 237
27.0592 -13.2009 237
26.9121 -13.5149 237
26.3765 -13.3598 237
27.0995 -13.3161 237
27.6257 -12.6608 237
27.4687 -12.3902 237
27.7512 -12.8359 237
27.3894 -12.6828 237
27.1444 -12.3865 237
27.8237 -13.43 237
28.0515 -13.3051 237
26.8807 -12.4814 237
27.4955 -12.5348 237
27.4674 -12.542 237
26.4875 -12.5901 237
26.6323 -11.7173 237
27.0298 -11.7785 237
27.3964 -12.1991 237
26.5153 -11.9506 237
27.2357 -12.2721 237
26.3496 -12.085 237
27.1902 -12.1444 237
26.3202 -12.1089 237
26.4694 -12.2039 237
26.3086 -12.4501 237
26.3008 -12.6623 237
26.2884 -11.6657 237
26.9232 -11.3352 237
26.9438 -11.3703 237
25.7425 -11.1579 237
26.2572 -10.7844 237
25.9403 -10.9903 237
26.7621 -11.5558 237
26.9396 -10.9874 237
26.0328 -11.0979 237
25.7606 -10.991 237
26.3905 -11.4362 237
26.818 -10.9635 237
26.0957 -10.7045 237
25.9371 -10.9612 237
26.1744 -10.7263 237
25.7485 -10.9106 237
26.9447 -11.4915 237
26.8294 -11.1333 237
26.4037 -11.2672 237
26.2938 -10.8752 237
26.5177 -10.9265 237
26.6383 -10.8114 237
26.7136 -10.9931 237
26.17 -11.5448 237
25.988 -10.9554 237
26.0998 -11.465 237
25.6794 -10.5626 237
26.6246 -10.718 237
25.9879 -10.5126 237
26.0679 -10.6146 237
25.4441 -10.4911 237
26.8439 -10.2806 237
25.6791 -9.77254 237
25.6368 -10.1674 237
25.5477 -10.5439 237
25.2145 -10.4395 237
26.1153 -9.83281 237
25.615 -10.4333 237
25.2608 -10.1906 237
26.3521 -10.2048 237
25.2368 -10.438 237
26.9823 -10.4617 237
26.532 -10.3448 237
25.6566 -10.354 237
25.2377 -10.6905 237
25.484 -10.18 237
25.465 -10.5827 237
25.5582 -10.1069 237
25.4918 -10.0648 237
26.2512 -9.70148 237
25.6544 -10.112 237
25.8663 -9.76486 237
25.2422 -10.4167 237
25.1235 -10.8148 237
25.3518 -10.1731 237
25.5352 -9.95223 237
26.188 -9.82777 237
25.4464 -10.3391 237
25.5594 -10.4834 237
24.9348 -10.7461 237
24.7002 -10.2386 237
24.6534 -10.3238 237
24.5969 -10.5992 237
25.3651 -9.80917 237
25.1596 -10.0676 237
25.3384 -9.74059 237
25.0165 -10.0323 237
24.9959 -10.7682 237
25.4455 -9.69846 237
25.0762 -10.4156 237
24.6144 -10.1794 237
24.6366 -10.4577 237
24.9243 -10.104 237
24.7695 -10.154 237
25.2134 -10.0385 237
25.1746 -10.0848 237
25.0202 -10.8219 237
24.9152 -9.82536 237
24.9615 -9.7866 237
24.846 -10.2305 237
24.896 -10.0757 237
24.8206 -10.3856 237
24.721 -10.7603 237
25.3015 -9.55447 237
24.9677 -9.9835 237
25.2594 -9.66156 237
24.9613 -10.6591 237
24.9324 -9.84036 237
25.1908 -9.6349 237
24.6762 -10.3466 237
24.7614 -10.2998 237
24.9975 -10.7406 237
24.3409 -10.0387 237
24.2397 -10.279 237
24.5423 -10.3634 237
24.5844 -9.92379 237
24.055 -10.5209 237
24.4008 -10.4031 237
24.0246 -10.6083 237
23.2148 -10.6223 237
24.2594 -10.0025 237
24.066 -10.2638 237
23.8816 -10.5828 237
23.7855 -9.94232 237
23.8305 -10.5139 237
24.1852 -9.87652 237
23.1432 -10.3021 237
23.2363 -9.99802 237
23.1635 -10.5935 237
23.1183 -10.5416 237
24.1781 -9.97978 237
24.3095 -9.76232 237
24.2318 -10.0041 237
23.5789 -10.0244 237
24.0757 -10.3163 237
23.9238 -10.3732 237
23.7916 -10.252 237
23.9455 -9.88853 237
24.5605 -9.78546 237
23.1891 -10.5444 237
23.9595 -10.2939 237
23.8322 -10.0825 237
24.2539 -10.0652 237
23.3239 -10.4619 237
22.4652 -10.2247 237
23.3343 -9.76002 237
22.841 -10.2836 237
22.7625 -10.89 237
23.4295 -9.57539 237
23.0858 -10.0865 237
22.8296 -9.90445 237
22.4867 -10.618 237
23.1024 -9.98468 237
23.1316 -10.1464 237
22.8202 -10.9869 237
23.2495 -9.46526 237
22.9742 -9.844 237
23.0996 -10.1286 237
22.8624 -9.93483 237
22.4807 -10.9802 237
23.3239 -9.65521 237
22.771 -10.4151 237
22.9779 -9.8048 237
22.5661 -9.09828 237
23.4007 -9.12438 237
22.5142 -9.59712 237
22.6011 -8.9303 237
23.1067 -8.99208 237
23.0799 -9.4829 237
23.5078 -9.38159 237
22.8995 -9.17865 237
23.0635 -8.80868 237
23.0394 -9.44312 237
22.8547 -9.03382 237
22.124 -9.98773 237
22.7861 -9.4785 237
22.0226 -9.91434 237
22.0575 -9.97038 237
23.5967 -9.35951 237
24.5166 -9.44062 237
24.3854 -8.93214 237
23.535 -8.90018 237
24.0446 -9.012 237
23.4552 -8.82997 237
24.4874 -9.01208 237
23.3343 -8.71156 237
24.0735 -8.4823 237
24.1248 -8.70615 237
23.7328 -8.59628 237
24.0894 -9.2515 237
24.2737 -8.82556 237
24.4173 -9.53502 237
24.0388 -9.06291 237
22.8911 -8.67982 237
24.2955 -8.90428 237
22.915 -8.65044 237
23.5638 -8.60948 237
24.009 -9.23936 237
23.9021 -8.96719 237
24.5667 -9.385 237
24.4561 -9.45232 237
24.0097 -9.05975 237
24.2156 -8.74276 237
23.8421 -9.25755 237
24.4374 -9.3206 237
24.5089 -9.55593 237
24.6609 -9.55363 237
25.1722 -8.81201 237
25.0478 -9.46477 237
24.8269 -9.6482 237
24.5833 -9.75783 237
25.2351 -9.13366 237
24.888 -9.34564 237
24.9352 -9.50821 237
24.8931 -9.44184 237
24.82 -9.51601 237
24.646 -9.3434 237
24.562 -9.76323 237
24.7952 -8.64795 237
24.8094 -9.73925 237
25.1672 -8.88468 237
24.8326 -9.36323 237
25.2275 -9.32094 237
25.7348 -8.76501 237
25.3196 -8.43955 237
25.6545 -8.50084 237
25.8177 -8.85563 237
26.1053 -9.20388 237
26.1558 -9.19023 237
26.034 -9.28813 237
25.963 -8.68803 237
25.8259 -8.91082 237
25.406 -8.74352 237
26.0892 -9.1741 237
25.7119 -8.966 237
25.2985 -8.74879 237
25.929 -8.61889 237
25.8098 -8.84419 237
25.3888 -8.52065 237
25.7961 -8.89465 237
26.1444 -9.18232 237
25.9486 -8.61152 237
26.904 -9.23202 237
26.8212 -8.92112 237
26.1779 -8.86841 237
26.0032 -8.59393 237
26.4793 -9.61119 237
26.3811 -9.07105 237
26.2565 -9.59402 237
26.312 -9.037 237
26.9371 -8.98413 237
26.9461 -9.40319 237
26.4061 -8.99678 237
26.4992 -9.34555 237
26.1316 -8.82206 237
26.5605 -9.68039 237
26.8448 -9.62515 237
26.235 -9.26515 237
26.3885 -9.05145 237
27.1285 -8.51275 237
26.8934 -9.85918 237
26.9362 -8.37682 237
26.0789 -8.1788 237
26.3408 -7.46262 237
25.3749 -8.15516 237
25.1155 -7.93859 237
25.5354 -7.65427 237
25.7317 -7.56674 237
26.5707 -7.76558 237
26.8863 -7.89027 237
26.3437 -7.23802 237
26.1978 -7.57116 237
25.5968 -8.05389 237
26.6232 -8.06381 237
26.0159 -8.0629 237
25.1408 -8.10664 237
26.4873 -7.87148 237
26.3727 -7.64448 237
26.5085 -7.73215 237
25.2201 -7.91736 237
25.768 -8.09604 237
26.7601 -7.59506 237
27.4049 -8.23992 237
27.5749 -7.53738 237
27.6819 -7.60596 237
26.4648 -7.20448 237
26.9851 -7.48385 237
26.2875 -6.71429 237
27.1357 -7.47562 237
27.1004 -7.17852 237
27.5244 -7.86426 237
26.5763 -6.8551 237
27.1097 -8.11369 237
26.7921 -6.68668 237
27.2344 -8.42933 237
27.5161 -8.01492 237
27.394 -7.31808 237
26.9319 -6.70851 237
27.4626 -7.42506 237
27.9741 -6.59741 237
27.7657 -7.09754 237
28.4246 -7.50315 237
27.8215 -7.89955 237
27.4969 -6.57544 237
27.9025 -7.2343 237
28.3645 -6.70182 237
28.3882 -6.60542 237
28.2915 -8.06806 237
27.9761 -6.54574 237
28.6758 -7.5729 237
28.4543 -7.02393 237
28.4026 -7.0259 237
28.3946 -6.61177 237
28.2982 -6.63552 237
27.4271 -6.32421 237
26.5316 -6.51887 237
27.3671 -6.00063 237
27.225 -6.22858 237
25.9972 -6.42626 237
25.6862 -6.48574 237
26.1697 -6.35131 237
25.7385 -6.65287 237
25.6143 -6.12416 237
25.5431 -6.7068 237
24.6427 -6.02459 237
25.6533 -5.502 237
25.1782 -6.68055 237
25.1945 -5.79223 237
26.2317 -5.42637 237
25.216 -6.99695 237
25.3171 -6.7166 237
25.4021 -7.09812 237
24.7822 -6.52147 237
25.5838 -6.03873 237
25.725 -7.11071 237
24.8909 -6.76818 237
25.9561 -5.41362 237
24.981 -5.59422 237
24.8163 -5.6322 237
25.521 -6.45646 237
24.93 -6.24351 237
25.04 -7.04897 237
24.2583 -6.1346 237
24.6951 -6.93984 237
24.2609 -5.7469 237
24.5492 -6.57208 237
24.0582 -5.79022 237
24.2226 -6.3369 237
24.6221 -7.15154 237
25.3013 -7.13365 237
24.1555 -5.81804 237
24.5664 -6.89622 237
24.5214 -6.76416 237
24.5547 -6.25293 237
24.1255 -5.70377 237
24.1546 -5.68109 237
24.3869 -6.9885 237
24.4281 -7.00786 237
24.7792 -7.18691 237
24.4959 -6.74223 237
24.5731 -5.79165 237
24.4735 -7.07589 237
24.4128 -6.95753 237
24.16 -7.56253 237
24.3041 -7.52716 237
23.8973 -7.16216 237
23.4696 -7.14906 237
24.431 -7.65138 237
24.1155 -7.24529 237
24.0233 -7.06543 237
24.8491 -7.78241 237
24.2906 -7.39016 237
24.7945 -7.56982 237
23.8525 -7.09701 237
24.1857 -7.56063 237
24.0946 -7.66847 237
23.7798 -7.68042 237
24.2937 -7.47794 237
23.9193 -6.99733 237
24.6229 -7.84736 237
24.7904 -7.28814 237
24.511 -7.61535 237
23.6748 -6.52594 237
24.188 -6.99837 237
23.2884 -7.22091 237
23.3329 -7.28237 237
23.3053 -7.33823 237
23.1381 -6.88033 237
22.9237 -6.82692 237
22.8491 -6.53257 237
23.1045 -7.31526 237
22.458 -7.53257 237
22.4652 -7.5045 237
22.5847 -6.91148 237
23.0432 -7.02737 237
23.5085 -8.05529 237
23.2178 -7.34873 237
22.8556 -7.8098 237
22.4204 -7.19664 237
22.6135 -7.85556 237
22.7279 -7.7643 237
23.4442 -8.23793 237
22.8009 -7.60363 237
23.2215 -7.97018 237
22.6098 -7.53134 237
22.3392 -7.37427 237
23.6297 -8.05623 237
23.6648 -8.07677 237
24.0069 -8.28642 237
24.1886 -8.36166 237
23.8667 -8.17063 237
22.7961 -8.53056 237
24.282 -8.37542 237
24.5383 -8.01772 237
24.0365 -8.182 237
23.0494 -8.48466 237
24.0126 -8.06044 237
23.2827 -8.36772 237
22.4099 -8.51251 237
22.5499 -8.69144 237
22.5186 -8.11932 237
22.3341 -8.32713 237
21.6839 -7.9005 237
21.6402 -8.62351 237
21.4851 -8.08789 237
21.7991 -7.94077 237
21.3394 -8.35557 237
21.8169 -8.55927 237
21.9232 -8.87412 237
21.693 -8.59828 237
22.3377 -8.69916 237
22.1241 -7.87331 237
22.1729 -9.14753 237
21.5453 -8.69765 237
22.1891 -8.51452 237
22.3172 -7.61057 237
21.4888 -8.41618 237
22.2123 -8.52967 237
21.6973 -8.50773 237
20.7362 -8.78058 237
21.3374 -9.24975 237
20.7657 -8.19088 237
22.0409 -9.28952 237
21.9438 -9.91922 237
21.3757 -9.45485 237
21.8683 -9.5993 237
21.172 -9.40819 237
21.8202 -9.97923 237
21.1194 -9.82201 237
21.8156 -10.399 237
21.3584 -10.1238 237
21.9601 -10.3828 237
21.1253 -9.95512 237
21.7149 -10.7455 237
21.9478 -10.6638 237
21.6789 -10.8555 237
22.0066 -10.826 237
21.4233 -11.5456 237
21.9424 -11.3604 237
22.0126 -11.4524 237
21.2077 -11.3591 237
22.2291 -11.5077 237
21.679 -11.4222 237
22.0593 -11.438 237
21.1441 -11.1429 237
22.1345 -11.3466 237
21.7664 -11.3963 237
22.4205 -11.4174 237
22.1678 -11.0057 237
22.2693 -11.6607 237
21.6696 -12.0002 237
21.4784 -12.1047 237
21.3066 -11.7528 237
21.9947 -12.1174 237
21.1102 -11.8734 237
21.9948 -12.7113 237
20.3956 -11.379 237
20.937 -12.4728 237
20.3072 -11.819 237
20.9968 -11.7958 237
20.9054 -12.158 237
21.042 -11.2789 237
20.9286 -11.3816 237
20.5085 -12.0737 237
20.8164 -11.4152 237
20.2776 -12.4129 237
19.8017 -11.9458 237
20.1573 -11.4311 237
20.8899 -13.1583 237
19.9426 -12.1608 237
19.5631 -12.4436 237
20.0073 -11.755 237
19.7126 -12.2181 237
19.1946 -11.7553 237
18.469 -12.0154 237
18.7816 -12.6156 237
20.0924 -11.2662 237
20.0975 -11.0607 237
20.584 -10.7945 237
20.8258 -10.4024 237
20.647 -10.9114 237
20.3566 -10.5662 237
19.7261 -9.86631 237
20.6153 -9.49517 237
19.3883 -9.48029 237
19.4535 -9.43561 237
19.6887 -8.96408 237
19.0495 -10.5033 237
20.1524 -9.48341 237
19.2042 -9.9015 237
18.8994 -8.99963 237
19.0078 -8.8421 237
19.5966 -8.66507 237
19.4752 -8.61476 237
18.1068 -9.40344 237
19.4293 -8.70435 237
20.3192 -8.75934 237
20.1059 -8.61307 237
20.1325 -8.94122 237
20.1282 -8.43321 237
19.9812 -8.41321 237
20.3796 -8.13668 237
19.608 -7.5393 237
19.7051 -7.7256 237
19.574 -7.70731 237
19.6595 -7.46101 237
20.8524 -9.24153 237
21.0134 -13.9998 237
20.729 -13.6867 237
21.0002 -13.9866 237
21.8417 -14.1101 237
21.3133 -14.271 237
20.9662 -15.15 237
21.4037 -15.0414 237
22.5871 -14.7224 237
22.7819 -15.2874 237
23.245 -14.9927 237
22.9263 -14.4915 237
22.5564 -15.4369 237
22.8392 -15.0574 237
23.5689 -14.8427 237
23.181 -14.6928 237
23.0542 -15.1983 237
23.2447 -15.8054 237
23.621 -14.6044 237
23.9393 -14.9025 237
23.7338 -14.9076 237
24.4338 -14.6434 237
24.0886 -14.353 237
24.2055 -14.416 237
22.3844 -16.2184 237
22.9846 -16.531 237
19.9586 -13.5963 237
19.85 -14.0338 237
21.3463 -7.55851 237
20.965 -6.96956 237
21.0559 -6.8243 237
21.6949 -6.94847 237
21.57 -7.1763 237
22.1641 -7.24881 237
22.334 -6.79705 237
22.1544 -6.7104 237
22.8452 -6.01616 237
22.5009 -5.77375 237
22.0376 -6.24839 237
21.5844 -5.67688 237
23.1388 -6.03921 237
23.3965 -5.75262 237
23.78 -5.63981 237
23.7565 -6.08667 237
23.7044 -5.85054 237
23.7997 -5.16639 237
23.9513 -4.54876 237
24.5499 -4.98719 237
24.0908 -4.48404 237
24.0549 -4.39061 237
23.3634 -4.27672 237
24.5283 -5.21544 237
24.6265 -4.46723 237
24.7612 -4.50287 237
25.5035 -5.07071 237
25.3886 -5.07609 237
25.3922 -4.95427 237
25.8991 -4.71035 237
25.665 -4.84948 237
25.7775 -4.99911 237
25.6084 -4.05329 237
25.5398 -5.10657 237
25.9779 -3.73632 237
26.2227 -4.28034 237
26.8079 -5.10479 237
27.7631 -4.84287 237
26.8354 -5.10682 237
28.398 -4.68422 237
28.4952 -4.70124 237
28.3587 -4.8009 237
27.9964 -5.04316 237
28.0294 -5.15332 237
28.4049 -5.23117 237
28.0302 -4.32343 237
29.1153 -5.52409 237
29.2493 -5.60393 237
29.3961 -5.75072 237
29.814 -4.78549 237
29.4759 -5.88465 237
29.7688 -6.59509 237
30.6766 -6.96976 237
29.8467 -6.97063 237
29.9568 -7.00355 237
30.1991 -6.64125 237
30.2988 -6.50479 237
30.3158 -6.60202 237
30.1571 -7.23694 237
29.8952 -8.19212 237
29.8932 -8.16461 237
29.5864 -9.04392 237
29.5736 -8.7683 237
28.8758 -9.38573 237
29.8934 -9.46024 237
30.0457 -9.60781 237
29.9239 -9.61136 237
30.0009 -9.22252 237
29.9293 -9.49648 237
28.9613 -9.41616 237
28.6487 -8.8303 237
30.1505 -9.33499 237
30.2896 -9.10091 237
29.498 -9.34673 237
28.5435 -9.47898 237
29.3678 -10.1837 237
29.4058 -10.019 237
29.2078 -9.80548 237
28.5143 -9.31383 237
28.5737 -9.00282 237
28.3471 -9.26148 237
28.3133 -8.20794 237
27.8893 -9.27503 237
27.9019 -9.59791 237
28.1449 -8.42365 237
28.2834 -9.6829 237
27.7749 -9.30136 237
28.0031 -9.78401 237
27.8663 -9.69871 237
27.762 -8.65629 237
28.3194 -9.82176 237
28.2857 -8.71255 237
27.7955 -8.53517 237
28.4811 -8.46845 237
28.2932 -9.45685 237
28.7565 -10.07 237
27.7119 -10.2096 237
27.8131 -10.2208 237
28.2318 -10.1091 237
28.4785 -10.2178 237
28.1038 -10.4336 237
27.4333 -9.26827 237
27.3457 -9.46457 237
28.0602 -10.3049 237
27.951 -9.95997 237
28.0425 -10.5872 237
28.0016 -10.812 237
27.9241 -10.5265 237
27.3846 -10.489 237
28.2578 -10.5041 237
27.1526 -10.3771 237
27.0826 -9.77994 237
27.9921 -10.5719 237
28.0115 -10.6131 237
27.5221 -10.7063 237
28.7471 -10.4453 237
28.2358 -10.4786 237
27.4394 -10.8143 237
27.4302 -10.2055 237
27.8485 -10.3779 237
27.6098 -10.7094 237
27.2176 -10.1509 237
27.7547 -10.8845 237
27.3486 -10.569 237
27.4728 -10.6959 237
28.4279 -10.4508 237
27.0614 -9.88447 237
29.2083 -10.4269 237
28.4741 -11.3252 237
28.0027 -11.0807 237
29.3189 -10.8454 237
29.2962 -10.8745 237
27.903 -11.1475 237
28.9133 -11.2435 237
29.182 -10.8445 237
27.9346 -10.9767 237
28.6631 -10.7774 237
29.2098 -10.9418 237
27.8378 -11.1027 237
28.9754 -10.3573 237
29.2531 -10.7391 237
28.8654 -10.7417 237
29.7846 -10.4717 237
29.2474 -11.6035 237
29.1495 -11.2956 237
29.3602 -11.22 237
29.8336 -11.2003 237
28.9608 -11.8612 237
29.2263 -12.4991 237
27.9726 -11.9568 237
28.9838 -12.1548 237
28.4674 -12.1509 237
28.1731 -12.0763 237
28.1197 -11.8619 237
27.8034 -12.5796 237
27.6513 -11.7822 237
28.2896 -12.8456 237
28.0885 -12.4153 237
27.8509 -11.5304 237
28.2029 -12.666 237
27.6847 -11.8955 237
27.6618 -11.6947 237
27.7176 -11.6671 237
27.7791 -11.7116 237
27.3196 -11.2202 237
27.3315 -10.9054 237
27.4375 -10.84 237
28.7516 -12.9624 237
29.3231 -13.4156 237
30.7233 -11.6366 237
30.6094 -10.9451 237
30.516 -10.9092 237
30.0128 -10.4501 237
30.4512 -11.0487 237
31.0163 -11.834 237
31.2742 -11.5351 237
30.4971 -10.2388 237
30.5328 -10.3735 237
31.0617 -11.8068 237
30.932 -12.471 237
30.3523 -12.7042 237
30.2596 -12.4154 237
30.2441 -12.7081 237
30.6659 -13.0555 237
30.6733 -13.7242 237
30.8372 -13.9177 237
31.1273 -13.9648 237
30.2683 -14.5821 237
31.8995 -13.8935 237
30.9467 -9.39159 237
30.7197 -8.77725 237
31.2637 -9.02212 237
27.2678 -8.49145 237
27.3555 -8.6273 237
27.4288 -8.80225 237
27.5374 -8.6592 237
28.7714 -7.77504 237
28.9994 -7.63288 237
30.2145 -5.18602 237
23.1932 -3.9383 237
23.4649 -3.72585 237
22.529 -4.06796 237
23.166 -3.98367 237
22.5846 -4.74043 237
21.9445 -4.33411 237
22.2919 -4.75594 237
22.2958 -4.64773 237
21.0823 -4.16284 237
21.2758 -4.32672 237
20.4179 -4.73168 237
21.0352 -3.87271 237
21.1065 -3.10054 237
20.8895 -6.50073 237
24.6552 -8.468 237
24.7194 -8.15613 237
25.6986 -7.22514 237
28.1757 -13.9441 237
28.0304 -14.035 237
28.4993 -14.1105 237
22.1658 -17.7417 238
21.5186 -17.4701 238
22.9499 -17.8267 238
23.0823 -17.8396 238
21.5834 -18.5526 238
22.107 -17.4634 238
20.1557 -17.2691 239
25.2281 -2.70105 240
31.6296 -5.94146 241
32.3435 -6.10722 241
31.4922 -5.3281 241
17.5366 -12.893 242
17.1733 -12.0501 242
17.5299 -13.4814 242
17.2583 -12.8342 242
16.4474 -13.4166 242
17.1604 -11.9177 242
19.7618 -6.19318 243
29.6719 -3.50782 244
29.0585 -3.37045 244
28.8928 -2.65648 244
16.9996 -8.81117 245
33.5341 -12.8987 246
23.9883 -2.18033 247
29.5367 -16.7979 248
18.2021 -5.46326 249
32.8197 -11.0117 250
22.1013 -1.46587 251
26.1888 -18.0004 252
28.8068 -15.2382 253
32.2989 -9.7719 254
17.7309 -14.8443 255
