54.4713 -48.1893 0
51.4279 -49.2645 0
57.2512 -57.6284 0
55.907 -45.0679 0
49.317 -51.3752 0
45.749 -45.7861 0
41.1786 -52.7361 0
52.4716 -49.3969 0
68.9109 -49.6528 0
26.8326 -50.0727 0
58.8901 -45.936 0
67.4423 -47.9717 0
61.0235 -46.2061 0
60.0947 -49.0848 0
44.828 -51.807 0
30.5643 -51.276 0
66.0316 -47.7351 0
44.8966 -53.1854 0
50.0592 -48.6938 0
48.6534 -47.6341 0
56.414 -53.3396 0
48.7382 -50.408 0
60.1407 -49.8317 0
45.3551 -44.6393 0
30.1368 -49.9995 0
58.1895 -55.4312 0
45.2635 -46.6825 0
54.6159 -49.6475 0
44.4135 -47.8868 0
48.1289 -49.9732 0
61.5852 -46.7613 0
51.9674 -43.72 0
9.17818 -45.3392 0
45.9002 -49.5173 0
47.501 -50.1254 0
42.025 -50.7541 0
45.3907 -52.3635 0
38.2828 -48.053 0
57.4557 -45.1871 0
40.4221 -47.3781 0
48.1091 -52.7393 0
65.1376 -53.9115 0
64.5579 -46.8214 0
71.3368 -55.1307 0
35.6624 -49.7672 0
39.1958 -47.4342 0
52.3057 -48.7812 0
47.0709 -47.3563 0
60.3186 -47.0017 0
58.9465 -50.3192 0
39.4935 -56.7096 0
67.9401 -47.0644 0
47.9269 -49.3891 0
48.5262 -47.1281 0
50.6656 -48.4402 0
39.0858 -48.2832 0
52.8513 -54.4336 0
44.4755 -50.8272 0
53.5233 -52.237 0
58.1221 -47.5806 0
46.6663 -44.7914 0
55.1229 -50.2922 0
58.3437 -47.6571 0
34.0281 -43.3297 0
58.0562 -48.5931 0
49.0085 -53.2979 0
64.9641 -48.1943 0
62.6408 -51.0498 0
59.4259 -50.1343 0
60.9623 -50.1065 0
54.5036 -49.9852 0
80.541 -49.7226 0
66.4338 -48.19 0
57.9852 -47.8212 0
35.5179 -50.8149 0
51.9902 -54.9441 0
74.2793 -48.5229 0
71.8602 -43.3074 0
58.5693 -47.9803 0
63.3402 -51.2613 0
35.2561 -53.6694 0
69.9255 -50.0364 0
57.6995 -53.1675 0
43.0486 -41.4236 0
58.3833 -51.2084 0
72.6546 -50.7543 0
47.2531 -50.4967 0
57.7381 -46.4078 0
33.0799 -47.5842 0
62.3824 -48.5975 0
40.2697 -49.4239 0
47.7528 -53.784 0
53.2793 -49.8943 0
51.1003 -49.4987 0
43.0415 -47.8808 0
33.229 -49.7989 0
55.1753 -45.4729 0
26.0596 -52.3578 0
50.1712 -45.5609 0
55.3564 -52.3974 0
-0.603516 2.11684 1
6.05011 10.9074 1
-2.50051 16.0781 1
5.49897 9.64037 1
-4.52524 2.02115 1
-1.19096 5.2722 1
1.02638 -7.94175 1
2.12069 -5.73978 1
1.57824 -2.83929 1
3.80828 2.15585 1
-3.51591 -1.97515 1
-0.508642 -9.28173 1
2.16434 -2.99985 1
1.54731 -7.12106 1
-2.57056 4.2074 1
-1.1431 0.504362 1
4.72698 -3.67578 1
0.147767 3.71053 1
-2.77494 -9.91422 1
2.02847 -0.447706 1
-2.198 7.87237 1
-3.41183 0.978014 1
-0.574773 -23.4822 1
1.97584 -14.0412 1
-0.897284 -19.5377 1
-1.18099 5.0534 1
-1.48477 6.73066 1
-4.18643 -0.365812 1
-3.11434 -3.80724 1
0.705092 22.2743 1
0.390434 -1.46586 1
0.0723014 -11.3651 1
1.01036 -6.40203 1
-1.98156 -5.81452 1
-3.81742 -13.8805 1
-1.22723 -4.48057 1
0.771064 3.65669 1
-4.28414 5.58891 1
-1.31453 -13.6246 1
2.75055 -3.84004 1
9.8186 -2.86785 1
2.82857 10.525 1
-6.09236 -0.380366 1
0.0937892 -12.325 1
2.70164 -5.14389 1
-0.8086 -0.659376 1
4.86712 17.9887 1
3.83608 -9.98159 1
-1.41163 -5.67741 1
5.04274 -9.52257 1
-2.74667 12.8428 1
1.04927 12.57 1
1.77655 -4.50626 1
-0.169911 4.0551 1
0.998644 0.763652 1
-0.915118 -4.31495 1
-3.62093 -20.0162 1
5.59112 -0.118713 1
-0.0230733 -4.49806 1
3.83471 7.02415 1
-6.18204 -16.7819 1
-3.44078 -6.02145 1
0.895701 -10.3486 1
2.80477 6.37627 1
0.362198 -1.78932 1
1.76653 8.08575 1
0.254809 -8.51473 1
0.279103 19.2487 1
2.51063 -5.29782 1
-0.521338 -7.00665 1
1.90072 16.4346 1
2.65005 20.7103 1
-4.47775 6.50166 1
-1.35318 -13.2438 1
4.67104 -19.7636 1
1.85761 -11.9329 1
-3.15009 -6.13784 1
8.26738 6.03889 1
-5.78454 -11.8414 1
0.259812 -3.02757 1
-1.57848 -4.62355 1
-6.13413 -19.5919 1
-9.17406 -13.6659 1
-2.61331 4.92408 1
-1.87739 13.1688 1
1.98039 1.1253 1
4.91618 12.3392 1
-3.54621 2.44 1
0.543887 4.85616 1
-5.8 7.2816 1
3.55251 10.0907 1
0.22925 11.5689 1
4.50036 30.9512 1
-3.64003 -24.8182 1
-2.7055 -15.0978 1
-0.743265 -8.00265 1
-2.01048 1.93256 1
-3.08798 11.0654 1
-2.70301 2.13026 1
-0.359715 -17.7727 1
52.9836 -9.11879 2
52.6445 2.23161 2
55.6045 0.155955 2
53.6439 -3.19874 2
48.3508 1.16287 2
58.1466 -8.19569 2
47.8946 -0.920816 2
72.1581 -21.2658 2
55.7439 -4.66203 2
46.0924 0.33052 2
54.1866 -7.3893 2
50.4707 -5.38793 2
58.6829 -1.10984 2
55.4426 -1.2011 2
61.9304 -10.6945 2
52.6011 -9.22741 2
50.299 -4.89809 2
52.5605 0.0512078 2
41.0586 10.0303 2
59.2514 -0.89568 2
60.0433 -9.36299 2
48.0135 -1.56888 2
48.4058 3.15868 2
63.1474 -13.3069 2
51.7574 1.39976 2
38.7797 15.203 2
61.0445 -10.1256 2
45.8336 -4.98517 2
62.4263 -6.07084 2
56.1513 1.41357 2
50.8408 1.71684 2
50.6023 -5.18649 2
52.9662 -7.14069 2
60.1567 -18.3996 2
43.0997 10.7548 2
46.3392 -4.17407 2
48.4991 7.3551 2
51.2389 -5.43923 2
53.702 -7.83822 2
54.1743 -4.08047 2
50.9449 -3.27313 2
54.2321 -2.68835 2
55.221 -5.74288 2
53.4437 -2.82751 2
47.9662 3.52592 2
55.2238 6.07657 2
34.7105 8.266 2
33.8797 9.76824 2
47.7939 3.97486 2
46.1236 12.5689 2
56.5452 -9.58962 2
57.9703 -6.1825 2
77.281 -27.848 2
48.8342 -0.31035 2
44.7813 2.3774 2
75.2584 -25.9474 2
63.7506 -12.0117 2
46.8749 7.35785 2
39.1927 8.30618 2
44.0289 7.65598 2
44.9437 11.8444 2
61.9439 -13.6069 2
67.9749 -14.5211 2
58.68 -11.3242 2
33.7661 19.8946 2
44.4021 -1.3407 2
46.7907 2.28907 2
54.4239 -3.23664 2
51.8907 -7.0229 2
39.8906 3.64236 2
37.8094 11.3896 2
46.4676 3.4744 2
49.8397 -0.938705 2
45.9856 8.02369 2
43.4604 3.00245 2
37.8215 11.4102 2
42.9313 6.38193 2
40.2695 9.72607 2
53.9022 -9.19495 2
62.4889 -15.7144 2
51.3292 -6.04728 2
54.5986 -6.01529 2
55.1579 -2.02455 2
78.5628 -28.6374 2
58.9539 -3.09987 2
41.8621 9.95308 2
44.5242 1.16741 2
46.7225 6.70041 2
36.6914 12.3978 2
49.1945 -4.3201 2
47.2427 0.55124 2
38.265 10.8021 2
58.6929 -9.68098 2
45.7582 2.94784 2
38.3839 11.4762 2
63.2236 -15.7249 2
59.9777 -8.41505 2
49.3623 3.62186 2
52.1881 3.52504 2
54.917 -3.90166 2
27.1684 -5.01598 3
27.4197 -13.8378 3
24.7686 -12.059 3
24.6893 -14.8666 3
23.5573 -6.20455 3
25.0786 -11.9388 3
24.5685 -10.3936 3
26.6023 -10.6686 3
21.9611 -2.70713 3
22.0293 -9.58429 3
23.8339 -11.0665 3
23.2973 -10.703 3
23.261 -5.95822 3
26.514 -4.59255 3
23.3393 -18.5749 3
24.4349 -12.5929 3
24.0479 -6.1781 3
24.3153 -9.73019 3
25.2065 -12.4411 3
28.5454 -11.7103 3
25.6674 -14.14 3
23.8349 -10.7258 3
27.1387 -8.68458 3
19.9172 -3.46577 3
22.1383 -15.3298 3
31.9179 -9.59888 3
27.2381 -7.40766 3
27.3796 -9.75247 3
31.9667 -15.2862 3
26.2789 -14.7239 3
26.0865 -13.349 3
22.2042 -7.72954 3
24.6633 -10.0925 3
27.4599 -9.99988 3
22.794 -7.44594 3
20.914 -10.8354 3
23.9154 -11.3096 3
27.6013 -10.9837 3
18.1652 -8.65236 3
25.6142 -8.57221 3
16.76 -5.28721 3
29.0829 -13.114 3
22.6262 -9.02721 3
28.6867 -12.4456 3
20.4986 -9.55091 3
24.1162 -7.76946 3
21.2455 -9.42209 3
31.1923 -13.6031 3
27.1532 -12.3556 3
25.504 -4.8129 3
28.018 -7.55025 3
25.6409 -10.5787 3
24.0102 -13.0048 3
27.4326 -8.31111 3
21.6877 -7.95772 3
27.1609 -9.42132 3
24.7951 -10.3381 3
26.8484 -13.8951 3
26.4971 -9.85265 3
19.2121 -7.2575 3
27.2028 -11.0157 3
22.1551 -7.70418 3
28.599 -10.9909 3
26.409 -9.42417 3
30.5051 -6.70785 3
23.3502 -6.42821 3
23.8403 -5.58231 3
24.3033 -12.203 3
28.4823 -10.7587 3
21.3002 -12.9772 3
26.2694 -7.65536 3
24.0943 -7.69839 3
19.1646 -9.3832 3
28.9471 -9.33851 3
22.9983 -8.31122 3
22.0937 -9.92936 3
23.551 -13.5835 3
24.1149 -7.2361 3
26.476 -10.4433 3
21.1744 -9.13305 3
25.8269 -4.68246 3
28.065 -8.71244 3
23.0726 -7.24682 3
19.706 -10.8764 3
32.0228 -12.9531 3
22.0857 -11.171 3
22.8826 -10.2166 3
24.5106 -8.85905 3
20.5235 -9.41886 3
27.4611 -11.0666 3
28.788 -13.9899 3
22.67 -10.8291 3
27.4263 -6.03949 3
23.1137 -10.14 3
23.4474 -15.9109 3
25.7603 -9.62402 3
21.8387 -4.15733 3
22.7226 -12.6451 3
25.9429 -12.9736 3
30.3443 -8.5969 3
