62.3403 -44.7958
64.3679 -46.4624
64.1216 -19.47

55.3569 -47.6586
55.986 -46.9434
53.5388 -47.9066

67.8979 -49.5191
67.5845 -49.563

41.9096 -52.2556
41.346 -51.8226
42.2721 -52.444

68.5678 -53.0897
70.6458 -51.4084
67.1991 -50.329

52.556 -49.1678
53.1072 -49.9034
53.5388 -47.9066
50.9209 -48.8962

44.8537 -48.3675
45.104 -48.8992
45.1655 -47.5746

50.2023 -47.0939
51.1965 -47.0348
48.9404 -47.6014

55.9034 -50.9308
55.8628 -52.3839
58.6051 -50.2277

38.3442 -49.8942
38.2732 -51.3927

55.986 -46.9434
57.3205 -48.2882
54.3949 -45.9556

64.3679 -46.4624
65.2592 -49.2178
66.9263 -45.6431

55.8628 -52.3839
56.3157 -53.5144

69.9174 -45.7266
66.9263 -45.6431
71.1659 -47.9896

51.1965 -47.0348
50.9209 -48.8962
51.3048 -44.5123

57.3205 -48.2882
57.7006 -48.633
57.8508 -47.398

44.1989 -43.7621
45.7991 -45.8508

65.2592 -49.2178
62.3453 -50.5995
67.1991 -50.329

54.6287 -43.102
54.3949 -45.9556

46.393 -48.7425
46.9213 -48.9886
46.1506 -47.9485

53.1072 -49.9034

66.9263 -45.6431

42.3895 -51.9243
42.2721 -52.444
43.3364 -51.3297

41.2315 -48.1168
40.109 -46.083
42.5566 -47.9431
40.648 -48.8189

50.6516 -51.1508
50.2284 -51.6006

73.3737 -55.0467
70.6458 -51.4084
75.852 -51.5436

54.1052 -53.8329
56.3157 -53.5144

30.239 -50.3488
31.939 -50.0107
26.1845 -49.6923

35.0684 -52.33
38.2732 -51.3927

64.959 -53.8286
63.7101 -54.7243

50.2827 -43.0894
51.3048 -44.5123
48.0997 -42.9274

45.104 -48.8992
44.3903 -49.3281

40.3106 -50.6589
38.7416 -51.4377
41.346 -51.8226
40.648 -48.8189

53.5388 -47.9066
53.2909 -47.7062

38.7416 -51.4377
38.2732 -51.3927

48.9404 -47.6014
48.5165 -49.4049

53.2909 -47.7062

36.6184 -43.9128
36.7242 -45.8813
34.0637 -44.3048

50.9209 -48.8962

43.5597 -52.7648
42.2721 -52.444
43.5188 -53.7129

40.109 -46.083
36.7242 -45.8813

45.2809 -52.4186
45.3879 -52.2834
46.2944 -53.3829

60.8654 -48.6256
61.2147 -50.0765

54.3949 -45.9556

51.3048 -44.5123

60.4964 -55.0466
63.7101 -54.7243

48.1972 -53.7042
48.2783 -53.4731
47.4261 -53.4326

46.9213 -48.9886
48.5165 -49.4049

48.0322 -51.1285
47.7477 -50.5908
50.2284 -51.6006
47.129 -51.3722

47.7477 -50.5908
48.5165 -49.4049

50.8447 -52.3507
51.5407 -54.9559
51.5606 -51.8999
50.2284 -51.6006

77.4699 -51.6245
88.3754 -47.6675
75.852 -51.5436

51.5407 -54.9559

48.5165 -49.4049

62.4957 -52.2611
63.7101 -54.7243
62.3453 -50.5995

48.2783 -53.4731

44.8891 -53.977
43.5188 -53.7129
46.2944 -53.3829

41.346 -51.8226

45.3879 -52.2834

63.7101 -54.7243

71.1659 -47.9896

47.4261 -53.4326
46.2944 -53.3829

62.3453 -50.5995
61.815 -50.4765

36.7242 -45.8813

38.2732 -51.3927

61.2147 -50.0765
61.815 -50.4765
58.6051 -50.2277

42.5566 -47.9431
42.2908 -49.0441

57.7006 -48.633
58.6051 -50.2277

42.2721 -52.444

51.5606 -51.8999

70.6458 -51.4084

32.0954 -50.5502
31.939 -50.0107

40.648 -48.8189

43.5188 -53.7129

67.5845 -49.563
67.1991 -50.329

46.879 -46.7406
45.7991 -45.8508
46.1506 -47.9485

56.3157 -53.5144

43.3364 -51.3297
44.6295 -49.9461

45.7991 -45.8508

44.6295 -49.9461
44.3903 -49.3281

46.2944 -53.3829

31.8533 -46.2848
34.0637 -44.3048
31.5303 -47.8144

61.815 -50.4765

34.0637 -44.3048

50.2284 -51.6006

48.0997 -42.9274
48.8494 -44.9456

31.939 -50.0107
31.5303 -47.8144

45.1655 -47.5746
46.1506 -47.9485

47.129 -51.3722

67.1991 -50.329

48.8494 -44.9456

57.8508 -47.398

26.1845 -49.6923

44.3903 -49.3281

88.3754 -47.6675

75.852 -51.5436

42.2908 -49.0441

31.5303 -47.8144

58.6051 -50.2277

46.1506 -47.9485

-1.42375 -21.8451
-0.555508 -23.6669
-1.30124 -21.653

5.20891 9.57538
4.29406 11.2895
3.55083 9.38835

-0.324194 -14.2822
-1.51963 -13.7464
1.79466 -16.7015

0.864749 6.94788
-0.280571 6.99177

-0.280571 6.99177
-1.13912 5.75509
-0.288224 7.86449

4.4135 -3.90896
3.62475 -2.26188

-0.751889 12.2171
0.128042 11.638

3.0012 -6.85139
5.07067 -7.92525
1.48945 -8.06366

-2.38887 -5.9287
-0.459267 -8.1529
-3.31857 -5.80796

0.648391 1.01335
-0.0282085 1.90132
1.05747 -1.1228

-1.44784 2.60397
-1.44281 1.93615
-0.554662 2.62884
-1.57632 2.98524

6.20728 0.793051
4.45542 2.36769

2.11972 3.52595
4.45542 2.36769
1.62624 2.03124

-0.555508 -23.6669
0.0385645 -24.8623

1.64467 20.2668
1.05445 15.9711
1.38509 21.4447

4.45542 2.36769

1.1747 -10.302
1.38234 -10.8614
1.82255 -8.93784

-0.459267 -8.1529
-0.944371 -8.69568
1.48945 -8.06366

1.45718 5.20533
0.675264 4.85375

-1.13912 5.75509
-1.44465 5.99966
-1.75619 4.55751

-1.81636 -2.58026
-2.13293 -2.07022
-3.73286 -3.77891
-0.664788 -3.54786

-0.369682 3.14988
0.363955 3.21883
-0.554662 2.62884

-4.88425 -7.94365
-3.31857 -5.80796

-4.6674 5.83451
-3.62916 3.97251

0.350211 12.7523
0.558687 12.0277
0.809821 14.3017

-0.288224 7.86449
-0.326258 8.38186

2.88459 -2.73576
3.62475 -2.26188
1.46268 -1.47703

3.58737 12.8191
4.29406 11.2895
4.86207 15.0883

-0.0282085 1.90132
-0.554662 2.62884

3.38664 -15.163
3.31535 -15.5913

-0.326258 8.38186
0.593005 9.9725
-1.97184 8.42446

1.05747 -1.1228
1.46268 -1.47703

1.38234 -10.8614

-0.944371 -8.69568
-1.16412 -10.7644

1.05445 15.9711
0.809821 14.3017

4.29406 11.2895

-3.59431 -0.401829
-2.33087 0.489283

-1.44281 1.93615
-1.08037 0.504942

-2.13293 -2.07022
-1.08746 -1.63242
-2.18746 -1.95034

3.31535 -15.5913
2.33076 -16.2921

-2.7607 9.82832
-1.97184 8.42446

-3.62916 3.97251
-1.75619 4.55751

1.62624 2.03124
0.564253 2.73339

-1.44896 14.6787
-1.96908 17.2474
0.809821 14.3017

1.38509 21.4447
0.891973 21.531

-2.21545 -15.7662
-1.51963 -13.7464

-3.75984 18.3618
-1.96908 17.2474

-0.955956 27.512
0.891973 21.531
-0.548681 29.2364

0.363955 3.21883
0.675264 4.85375
0.564253 2.73339

0.558687 12.0277
1.78977 10.927
0.128042 11.638

-0.554662 2.62884

-1.44465 5.99966

-3.16742 7.64319
-1.97184 8.42446

-1.51963 -13.7464
-4.41165 -13.6212
-1.09686 -11.7861

-0.358849 -4.40783
-0.342822 -4.29474

1.82255 -8.93784
1.48945 -8.06366

-3.31857 -5.80796
-3.73286 -3.77891

-4.41165 -13.6212
-6.81616 -11.2767

0.891973 21.531

2.33076 -16.2921
1.79466 -16.7015

-1.30124 -21.653
-0.295238 -19.6394

0.0385645 -24.8623
2.43138 -23.4024

0.593005 9.9725
1.8517 8.62924
1.78977 10.927

-0.342822 -4.29474
-0.295214 -4.2026

-6.29184 -4.83356
-3.73286 -3.77891

-1.08746 -1.63242
-1.76328 -0.73002

0.675264 4.85375

-1.75619 4.55751
-1.6223 4.31438

-1.6223 4.31438
-1.57632 2.98524

3.62475 -2.26188

-0.548681 29.2364

-1.5978 -11.5315
-1.6915 -10.6722
-1.09686 -11.7861

-2.18746 -1.95034

-1.6915 -10.6722
-1.16412 -10.7644

-3.73286 -3.77891

1.8517 8.62924
3.55083 9.38835

3.55083 9.38835
4.31133 7.37538

-1.97184 8.42446

1.46268 -1.47703

1.78977 10.927

0.564253 2.73339

-2.33087 0.489283
-1.76328 -0.73002
-1.08037 0.504942

-6.81616 -11.2767

-1.09686 -11.7861

-0.295238 -19.6394
1.79466 -16.7015

-0.664788 -3.54786
-0.295214 -4.2026

2.43138 -23.4024

-1.16412 -10.7644

-1.76328 -0.73002

4.31133 7.37538

-1.96908 17.2474

0.809821 14.3017

5.07067 -7.92525
16.2122 -8.25536

1.48945 -8.06366

-0.295214 -4.2026

-1.08037 0.504942

-1.57632 2.98524

1.79466 -16.7015

0.128042 11.638

4.86207 15.0883

48.2358 3.35796
47.189 2.86158
49.438 3.17529
48.2163 4.00626

52.1418 3.5924
52.1916 2.83051
54.5013 6.40548

58.9959 -9.31607
59.3814 -10.2867
57.7998 -9.4912

50.841 -1.971
51.3597 -1.10264
51.9557 -3.13762

41.2702 8.39012
39.3916 10.3277
42.3097 8.08571

43.2568 12.7513
39.7062 14.4577

48.8397 -0.541016
48.3126 -2.47477
48.7601 -0.263119

50.5243 2.25935
51.5843 2.10492
50.049 1.42064

51.5843 2.10492
52.1916 2.83051

51.091 -6.15542
51.4689 -4.68536

37.9716 0.432115
42.4149 1.58718
40.6689 -5.13762
29.0536 -5.41072

50.5499 -3.90855
50.2949 -4.0662
51.9557 -3.13762
51.4689 -4.68536

49.5497 5.43256
50.8036 5.95204
48.3571 6.28651

38.313 12.5999
36.917 12.5883
38.4252 13.3547
38.3 12.3027

54.9534 -1.6596
55.3314 -3.71226
54.2926 -0.753022

46.8929 1.19571
47.8482 0.647002
46.3536 1.6445

44.3586 5.57252
43.6215 5.32049
45.3961 6.24415

50.0598 0.216056
51.3597 -1.10264
49.932 0.97025
49.4486 -0.186619

64.4534 -14.1104
69.0555 -15.4414
65.003 -12.4685

51.3597 -1.10264

47.7896 1.91712
48.1446 0.876159

55.3314 -3.71226
54.5469 -4.75734
59.5208 -2.39231

36.917 12.5883
33.0111 12.3328
35.9105 9.10479

39.3916 10.3277
38.3 12.3027

31.538 15.9335
33.0111 12.3328
30.4531 17.6356

43.7907 3.7553
43.7637 2.89211
42.9208 3.92421

48.3126 -2.47477

46.632 9.00741
46.8291 8.96163
45.3961 6.24415

43.7637 2.89211
42.4149 1.58718

33.0111 12.3328

62.0492 -8.88428
62.2979 -9.95181

54.5469 -4.75734
55.0699 -6.36419

38.4252 13.3547
39.7062 14.4577

46.3032 4.49781
47.2796 4.98643
45.3961 6.24415

60.3198 -15.6928
59.8908 -13.2798
64.1216 -19.47

47.2796 4.98643
48.3571 6.28651
47.6374 4.5639

47.189 2.86158
46.6444 2.90463

52.1916 2.83051
52.4123 2.73785

30.4531 17.6356
28.0565 21.2616

50.2949 -4.0662
49.3347 -4.3263

49.932 0.97025
50.049 1.42064

43.6215 5.32049
42.9078 6.80855
42.9208 3.92421

53.1035 -1.14463
53.3015 -2.05686
54.2926 -0.753022

50.8036 5.95204

60.3127 0.138319
59.5208 -2.39231

42.3097 8.08571
42.2999 7.6024

51.9557 -3.13762
53.3015 -2.05686

42.4149 1.58718

54.5013 6.40548

49.4486 -0.186619
48.7601 -0.263119

59.5208 -2.39231

48.3571 6.28651

46.8291 8.96163

53.8477 0.118723
53.9871 -0.228251
55.5741 1.0807

39.7062 14.4577

53.9871 -0.228251
54.2926 -0.753022

46.6444 2.90463
46.3367 2.64659

59.8908 -13.2798
60.4696 -12.7715
57.4742 -14.3287

54.7546 -7.13429
55.0699 -6.36419
57.7998 -9.4912

69.0555 -15.4414
69.118 -16.451

64.1455 -10.356
64.4861 -10.0054
65.003 -12.4685
62.2979 -9.95181

48.1446 0.876159
47.8482 0.647002

40.6689 -5.13762

38.3 12.3027

47.8482 0.647002
48.7601 -0.263119

46.3536 1.6445
46.3367 2.64659

60.2701 -11.8486
59.3814 -10.2867
60.4696 -12.7715
62.2979 -9.95181

35.9105 9.10479

69.118 -16.451

59.3814 -10.2867

53.3015 -2.05686

48.7601 -0.263119

51.4689 -4.68536
52.5511 -5.70592

49.438 3.17529

64.1216 -19.47

42.2999 7.6024
42.9078 6.80855

55.5741 1.0807

35.0236 23.5655
28.0565 21.2616

57.7327 -10.8365
57.8811 -10.4373

50.049 1.42064

46.3367 2.64659

42.9078 6.80855

55.0699 -6.36419

64.4861 -10.0054

65.003 -12.4685

52.5511 -5.70592

60.4696 -12.7715

52.4123 2.73785

57.8811 -10.4373
57.7998 -9.4912

49.3347 -4.3263

57.7998 -9.4912

28.0565 21.2616

54.2926 -0.753022

41.7805 4.90177
42.9208 3.92421

42.9208 3.92421

62.2979 -9.95181

57.4742 -14.3287

48.2163 4.00626
47.6374 4.5639

47.6374 4.5639

45.3961 6.24415

23.9893 -7.30977
23.4962 -7.05753
24.2318 -7.02977

16.2122 -8.25536
18.1339 -10.1742
17.1617 -7.15169

25.6144 -9.86251
25.9479 -10.0598
24.9385 -9.84862

27.8185 -11.3003
28.0846 -10.7972
27.4679 -11.2083

22.7698 -6.62581
23.4962 -7.05753

23.6954 -14.7254
22.5418 -13.3291

22.964 -9.07714
22.9603 -8.1818
22.9653 -9.34436

22.5418 -13.3291
21.6226 -12.695

24.9448 -12.1731
25.1182 -12.1459

26.485 -11.5058
26.0737 -11.6698
26.8998 -11.7032

29.4546 -9.13621
29.4355 -8.27569

24.1115 -12.7919
23.7464 -12.1318

24.3047 -10.6154
24.1897 -10.8179
24.663 -9.84918

20.2867 -10.8136
19.5257 -10.409

26.1759 -13.249
25.8012 -13.6175
25.5202 -12.2546

18.1339 -10.1742
19.5257 -10.409

28.5578 -15.1619
28.456 -14.883
28.0196 -16.059
29.7647 -15.4423

22.0837 -11.5827
22.7744 -11.7091
21.6226 -12.695

22.9603 -8.1818
23.0882 -7.44759

21.2571 -9.83055
20.0883 -9.49163
21.829 -9.22432

23.4962 -7.05753
23.0882 -7.44759

23.7464 -12.1318
23.8317 -11.8268

24.176 -8.25349
24.8656 -8.17567

26.1716 -5.62638
25.3564 -5.78493
28.2685 -5.65008

25.5908 -8.93772
25.3447 -8.75318

22.1115 -8.4358
21.829 -9.22432
21.7872 -7.93061

26.2392 -9.29558
26.3266 -9.68289
26.5583 -8.87811

25.453 -12.1433
25.5202 -12.2546
25.7038 -11.5058
25.1182 -12.1459

29.4355 -8.27569
28.6624 -8.16693

21.3769 -14.5825
20.0919 -14.3416

25.9479 -10.0598
26.3266 -9.68289

25.9537 -7.44548
26.504 -7.75479
25.7896 -6.4616

25.8012 -13.6175

22.7744 -11.7091
23.7515 -11.451

29.469 -13.1607
28.4824 -13.4467
30.4658 -14.0321

24.6665 -9.75476
24.663 -9.84918
24.9479 -9.21083

28.9328 -11.4009
29.8007 -10.7867
28.2766 -12.7077
28.0846 -10.7972

29.8007 -10.7867

28.456 -14.883
27.8339 -13.7277

17.1617 -7.15169

24.9385 -9.84862
24.663 -9.84918

27.6414 -13.2387
27.8339 -13.7277

20.0883 -9.49163
19.5257 -10.409

21.4279 -7.77492
21.5081 -7.57395
21.7872 -7.93061

20.4215 -5.16491
21.5081 -7.57395

28.6624 -8.16693
27.7008 -8.15149

28.2766 -12.7077
28.4824 -13.4467

25.5202 -12.2546

27.7008 -8.15149
26.5631 -8.43933

26.803 -10.4257
27.6906 -9.74479
26.3266 -9.68289

21.829 -9.22432

25.3564 -5.78493
25.7896 -6.4616

24.1897 -10.8179
23.9315 -11.1901
24.7748 -11.2163

26.5328 -8.70258
26.5631 -8.43933
26.5583 -8.87811

19.5257 -10.409

24.2318 -7.02977

22.2188 -7.45461
21.7872 -7.93061
23.0882 -7.44759

24.8656 -8.17567
25.0981 -8.86355

26.0737 -11.6698
25.7038 -11.5058

20.6142 -13.1338
21.6226 -12.695
20.0919 -14.3416

27.6906 -9.74479

26.3266 -9.68289

29.0536 -5.41072
28.4874 -5.04696

19.7939 -15.8153
20.0919 -14.3416

26.504 -7.75479
26.5631 -8.43933

22.4713 -10.3357
22.8106 -9.58233
23.2747 -10.5384

28.0196 -16.059

21.6226 -12.695

25.2243 -10.7608
24.7748 -11.2163
25.7038 -11.5058

22.8106 -9.58233
22.9653 -9.34436

23.2747 -10.5384
23.9315 -11.1901

22.9653 -9.34436

28.4824 -13.4467
27.8339 -13.7277

21.5081 -7.57395

28.2685 -5.65008
28.4874 -5.04696

21.7872 -7.93061

23.0882 -7.44759

23.9315 -11.1901
23.7656 -11.4462

23.7515 -11.451
23.8317 -11.8268
23.7656 -11.4462

30.4658 -14.0321

26.5631 -8.43933

28.0846 -10.7972

27.0862 -14.6735
27.8339 -13.7277

24.7748 -11.2163

26.8998 -11.7032
27.4679 -11.2083

23.8317 -11.8268

24.663 -9.84918

25.3447 -8.75318
25.0981 -8.86355

25.0981 -8.86355
24.9479 -9.21083

25.7038 -11.5058

24.9479 -9.21083

27.4679 -11.2083

28.4874 -5.04696

26.5583 -8.87811

23.7656 -11.4462

25.1182 -12.1459

27.8339 -13.7277

25.7896 -6.4616

20.0919 -14.3416

29.7647 -15.4423

