2.62464
25.3884
0.952511
1.83494
0.31646
0.710728
0.408535
2.67299
3.08136
0.9192
1.59891
1.6575
0.587669
0.852003
0.995955
1.36013
1.45367
2.79169
1.50018
1.89457
1.87279
2.89597
2.68638
1.21785
2.99227
2.58455
1.88169
2.52482
0.513189
1.03618
2.63122
3.22489
2.23562
2.86316
0.582809
0.830177
0.532795
1.11811
2.323
1.33644
0.912917
0.617591
4.54738
4.29112
2.23333
1.7333
4.10731
3.33905
1.53689
1.75195
2.189
0.83266
1.75165
1.55764
1.87068
0.31877
0.470557
1.85265
1.97134
2.5846
1.32696
0.948982
3.3908
0.172418
1.39895
1.49235
3.22982
0.244917
0.817534
1.64863
0.608327
2.24637
0.9355
1.4133
2.69657
0.84601
0.970812
11.6012
1.61992
2.74629
1.66839
1.39552
1.52572
1.13279
0.544378
0.72136
2.61398
1.13263
1.83335
0.561713
0.85749
1.39926
1.41053
1.89379
0.662677
2.96754
1.56333
2.15295
2.234
1.05367
2.01812
0.22784
1.94298
1.6686
1.31002
3.21598
1.14616
1.50548
0.872754
1.8262
1.05339
2.3315
1.93778
2.94456
0.937507
1.11637
2.17497
0.667839
0.893524
0.402336
2.35553
2.60712
1.57406
1.33488
4.33606
1.20616
0.596693
1.51018
0.727967
1.95076
0.857322
0.391361
1.34721
0.600298
2.26047
1.50412
0.73687
0.552902
2.64812
2.1319
0.753994
1.61613
0.518766
0.878862
1.89901
1.68496
2.60272
0.898019
0.434193
1.83717
1.64613
0.538214
2.08036
1.68723
1.54608
1.47639
1.13344
0.131699
1.20853
1.61032
1.9622
1.27312
2.62083
2.29003
0.500612
2.1363
2.1092
6.25997
1.77184
1.66429
0.525139
1.6514
0.580794
1.42821
2.89473
2.00537
0.11422
0.935493
2.07091
3.35833
0.674545
2.25092
2.80301
1.84083
1.53079
0.103713
2.76779
1.12741
0.277559
1.32994
0.864394
0.561927
0.535379
1.86099
2.15184
1.34494
1.2506
3.6054
0.751844
11.1464
1.15853
1.216
0.648593
0.763516
3.6716
1.04438
1.20885
1.01148
1.61355
2.69877
1.08316
3.93936
2.00431
0.289072
1.07119
0.964025
0.9462
1.51786
4.59098
6.18849
10.6616
0.299797
1.60331
1.20333
1.35725
1.46681
1.39605
0.763094
0.297484
2.08717
1.12185
1.10167
0.70161
0.778996
1.23592
1.85167
0.764945
0.731924
4.79071
1.73144
1.09983
1.30676
4.39242
3.91425
3.626
2.25659
3.89038
2.01845
0.863612
0.886147
0.202347
3.02705
1.87673
1.09612
1.68982
1.69043
1.09184
1.96788
2.45084
5.35919
1.68855
0.553672
0.546299
0.239362
4.34644
0.994805
0.465339
1.65036
1.56224
0.933471
1.25192
2.65164
0.483409
1.72604
0.692737
0.37393
1.97632
0.607219
0.401577
0.770311
2.63442
0.832147
3.85075
1.01153
0.488803
2.2799
1.89129
0.374654
1.28836
1.00223
1.79703
0.944216
2.77665
1.48751
0.99987
7.33815
0.425891
0.949587
1.50197
0.803796
0.553871
0.370414
2.71567
1.4559
0.387486
0.676043
0.569139
0.36247
0.845008
1.8112
0.895348
0.267223
1.1167
0.17552
0.442791
0.459375
0.860732
0.754341
0.232876
0.845856
0.861871
0.52554
1.19112
1.41147
0.296898
1.04616
1.23904
0.702171
1.20409
0.745267
1.21695
0.833417
0.564456
0.316703
0.693977
0.830475
2.09703
0.307604
0.837598
0.600323
0.397049
0.525458
0.130014
0.68506
0.33481
0.780713
1.30739
0.534298
0.631271
0.997471
1.01061
1.02722
1.32399
0.0944848
0.61241
1.06325
1.4623
1.0411
1.31215
0.275501
0.525526
1.07614
0.216382
0.391581
2.64276
0.961724
0.767121
1.17355
1.11869
0.882453
0.803458
0.45299
0.707859
0.264988
0.177373
0.642538
0.869428
0.72611
0.404626
1.09973
1.31589
0.672981
1.50353
0.687086
0.826251
0.828576
0.639946
0.885971
0.283834
0.925256
0.706763
0.641616
0.305139
0.384263
0.0148946
1.20565
0.753435
0.270172
0.378369
