0.759933
1.53402
3.14397
1.33207
2.8888
1.8714
1.82871
0.0288765
1.0756
2.50526
2.20707
0.751649
1.04143
0.860022
0.950446
0.654142
1.41116
1.0042
1.49671
0.621722
0.080118
0.165327
2.38869
2.19538
2.33016
3.5571
1.96856
0.453187
1.66493
1.49465
1.53787
0.784195
2.14379
3.57263
0.707263
2.32859
3.18209
2.42373
0.973381
2.11693
1.60785
0.786169
0.311433
1.9885
1.06478
2.38325
0.662296
1.62375
2.66417
3.7972
1.92668
1.64643
0.675708
1.06599
1.05482
1.44398
0.77833
0.30088
0.555421
0.63143
1.37297
0.964081
3.67591
1.75292
1.43654
0.8606
2.26417
0.561197
1.23883
0.430478
1.49963
0.640618
2.36224
24.2396
1.59864
1.39248
1.45411
3.53793
4.13754
0.541648
1.04936
1.17015
1.20477
0.607128
1.48943
0.412746
0.898614
2.17302
0.718221
0.262382
1.82214
2.24636
5.48856
1.30872
0.44844
4.01866
0.530809
1.59861
1.44737
1.43118
1.84215
1.45577
2.09894
2.04965
1.71084
1.40896
3.3408
3.28432
1.29677
0.494951
9.12787
2.44139
1.25783
1.07185
2.32055
1.53541
1.53123
1.86186
1.89824
2.12872
1.32704
0.387347
1.77068
0.385765
1.79541
0.780504
1.35695
0.730594
0.329953
0.232095
1.79958
1.75384
0.919501
0.329721
0.914525
1.3832
0.555438
0.52931
2.58679
0.904329
1.16176
1.2444
0.0799786
0.509357
1.66775
1.71358
2.41587
1.15685
0.22112
0.535098
2.09482
2.09239
1.89627
1.28351
1.64976
1.29493
1.21126
0.0536346
1.55978
2.18529
0.0462312
1.02708
0.454503
1.67237
1.32454
1.28401
2.5111
3.68983
1.77515
2.77221
1.57577
0.703724
0.817912
1.6813
2.10583
0.500872
0.786566
1.44127
1.18151
2.01625
0.975792
1.32948
0.908848
1.34914
4.08956
1.18946
0.636915
2.13122
0.717828
17.6003
0.470384
10.8328
0.682514
1.34895
0.499207
1.53097
3.62524
13.5201
1.16654
0.733325
1.63969
1.88295
0.816579
1.14313
1.06329
0.824418
0.919531
1.06867
1.25547
8.3924
3.60752
1.58743
1.59916
1.88532
0.891566
1.50666
0.983296
2.80336
0.431966
1.12605
1.39108
2.55955
0.958924
0.437572
1.39914
0.962519
2.18172
0.900886
1.24345
1.60316
1.18987
0.614735
2.5091
4.29657
2.19416
1.18233
1.79524
2.39555
2.16757
1.26127
1.70834
2.62021
2.48446
1.13631
0.238165
1.19822
3.29494
1.00414
2.10642
2.11995
3.13339
1.08825
0.254315
2.13382
3.33677
13.151
1.82073
0.918154
0.532132
1.08946
0.964366
0.60054
0.570159
0.449058
1.20003
3.41515
0.907331
2.68195
2.06056
1.65697
1.24668
1.28922
2.21309
0.522844
0.804878
0.740488
2.60118
0.464325
0.719422
0.675105
1.33132
1.69631
4.77693
1.27472
1.88196
0.466463
1.76467
0.99739
0.674641
1.75617
0.947088
1.45584
1.92239
1.44497
1.67207
0.923925
0.62737
0.712714
1.90317
0.873891
0.398015
0.574063
0.631958
0.574681
0.564436
0.904539
0.36605
0.960185
2.0074
1.37481
0.875969
0.62234
0.538442
0.495182
0.385796
1.17334
0.299052
0.149896
0.532355
0.788683
1.11054
1.34608
0.358039
2.13809
3.1746
0.909561
0.347414
0.606206
0.471554
1.27462
1.01408
0.50942
0.617292
1.04456
0.449264
0.428966
0.199913
0.943475
0.859355
1.07414
1.25419
0.719705
0.951934
0.70406
0.148008
1.24843
0.280304
0.253898
0.489243
0.160169
0.906406
0.665752
0.335725
0.838251
0.782653
0.603625
0.51152
1.13181
0.418681
0.350252
0.567986
0.239796
0.684603
0.564064
0.669741
1.37762
0.881435
0.327924
0.29305
0.751573
0.530656
1.29933
1.62439
0.809153
0.680143
0.946439
1.77707
1.97767
0.897923
0.284319
1.05458
0.222703
0.588762
0.64574
0.627579
0.847701
0.440589
1.65913
0.769748
0.399195
0.698098
1.57577
0.804411
0.711879
0.853886
0.799964
0.247835
0.302848
1.17908
