38.0114 -51.4554 0
40.1583 -51.5287 0
43.7831 -57.8252 0
40.8447 -56.707 0
29.278 -47.711 0
47.1867 -46.4825 0
46.5385 -49.1743 0
58.6663 -53.2021 0
44.1915 -53.2452 0
68.9274 -49.5843 0
49.6804 -49.44 0
45.5357 -47.8624 0
38.9029 -48.043 0
56.9975 -51.2667 0
48.3663 -47.8799 0
43.08 -47.8921 0
34.2004 -51.5069 0
59.0669 -48.5516 0
44.3221 -50.6657 0
41.0827 -46.5819 0
55.7624 -49.1458 0
27.9524 -50.2777 0
58.3827 -46.1884 0
61.4888 -49.3844 0
39.9846 -48.7179 0
37.492 -47.5435 0
61.5891 -50.3526 0
66.7279 -49.9799 0
38.845 -55.3097 0
26.8208 -52.0985 0
46.3448 -52.761 0
45.1673 -49.7047 0
66.7942 -48.3575 0
48.5555 -50.263 0
45.7052 -48.4942 0
37.1827 -49.5078 0
36.5229 -51.3181 0
72.8835 -51.5707 0
52.0242 -50.1933 0
30.7754 -52.4673 0
52.8177 -43.6205 0
40.1785 -47.9799 0
40.5678 -49.2451 0
56.1753 -49.9216 0
63.1313 -52.1696 0
60.9514 -42.938 0
69.5847 -49.9489 0
68.1228 -48.9231 0
36.9595 -50.0164 0
46.317 -51.1148 0
46.4498 -53.4285 0
54.6236 -52.0371 0
33.0922 -55.3466 0
48.8744 -50.973 0
53.8705 -49.8953 0
39.8518 -48.4362 0
48.6815 -53.6024 0
53.5498 -51.0566 0
37.3453 -51.8212 0
60.5183 -45.2602 0
46.6313 -46.973 0
30.2945 -53.181 0
36.5594 -49.4068 0
60.6826 -47.427 0
49.0186 -51.4951 0
65.5255 -52.3573 0
57.0776 -51.265 0
44.7743 -50.6956 0
55.5427 -47.6237 0
45.0729 -46.9712 0
53.2107 -45.8503 0
47.1579 -46.4846 0
60.9534 -50.5384 0
63.743 -51.9793 0
54.4459 -50.089 0
27.3408 -49.9225 0
39.4976 -48.2243 0
37.8942 -46.5576 0
53.9172 -48.4066 0
52.154 -47.8326 0
62.8419 -48.5159 0
57.7851 -43.8395 0
38.0346 -42.0139 0
50.457 -49.0705 0
41.1355 -50.3462 0
49.2805 -51.4792 0
49.7457 -50.3882 0
40.4425 -45.2313 0
35.7798 -58.4924 0
50.9657 -49.2221 0
47.709 -51.0783 0
51.7369 -47.9973 0
50.0142 -52.8995 0
55.7449 -49.9298 0
40.7705 -55.377 0
30.7806 -48.8265 0
56.8322 -51.2697 0
49.3714 -54.1782 0
45.4845 -48.6987 0
45.2734 -41.3297 0
4.8256 1.84526 1
3.316 -5.35248 1
2.03752 -0.138129 1
-3.14084 -1.13866 1
3.26583 5.77335 1
-0.254751 30.269 1
2.94331 18.1412 1
0.116857 12.2993 1
-6.41105 -11.6025 1
-0.488787 -10.1562 1
-3.67434 6.65488 1
1.35225 -4.61137 1
1.53286 14.7321 1
-1.15762 -13.2587 1
2.63651 -18.1146 1
0.435619 0.0988914 1
1.5216 -16.739 1
3.14808 -2.73263 1
2.19545 -2.68868 1
0.232588 7.18647 1
2.57541 6.93675 1
2.35244 6.69385 1
3.94131 7.99175 1
1.1779 12.1475 1
4.06421 0.167823 1
-0.731261 -6.25243 1
2.96851 -1.57348 1
6.07727 -1.48043 1
-4.24884 -12.445 1
-2.7854 -9.70512 1
-1.55509 -7.07157 1
-0.746609 1.85623 1
1.97381 -12.1078 1
0.853901 13.5919 1
1.84777 -10.3416 1
-1.08236 4.26496 1
-1.56594 7.12485 1
-1.52953 8.57593 1
0.765185 19.244 1
-4.61742 21.3543 1
-2.56809 -12.1112 1
-0.856776 21.161 1
1.88087 -2.78822 1
3.29584 5.27931 1
4.88016 -2.6416 1
-2.24973 13.3048 1
-0.440655 -5.75895 1
0.446567 -6.65398 1
-1.80936 -9.08411 1
-2.75039 -14.463 1
2.40377 2.80618 1
-2.14175 -7.95032 1
-1.45088 -16.0046 1
1.81343 -10.3828 1
0.743394 -9.24012 1
-1.46134 -13.4991 1
-1.20902 1.58696 1
-3.01107 13.0059 1
2.60297 9.98864 1
3.06759 -12.7794 1
-2.09765 9.77244 1
-0.312781 -15.2801 1
2.3745 -2.83636 1
-1.99928 -13.8401 1
-1.95266 7.36364 1
3.02297 -47.4173 1
3.28441 19.3519 1
-0.722616 -6.17292 1
1.07267 6.16904 1
4.40988 8.29 1
-3.08612 -19.753 1
0.805057 8.84425 1
-1.90594 -30.5213 1
3.41311 7.95749 1
-0.812851 5.63164 1
-2.35504 14.9828 1
1.10785 2.50934 1
-0.317911 14.143 1
1.22672 -6.75422 1
-0.0751313 15.6546 1
1.78528 12.8175 1
5.22802 3.2443 1
-1.77069 -7.12067 1
-1.08736 4.31092 1
0.719562 0.360026 1
0.541694 -11.2888 1
4.03289 -10.314 1
-0.0985044 -15.9652 1
4.42867 -3.1814 1
3.23546 -2.00728 1
-0.311607 -8.07972 1
-1.87848 3.61605 1
0.823445 2.91961 1
-4.57668 -4.09249 1
0.325416 -2.53603 1
0.961629 6.62613 1
0.421558 -8.09503 1
-2.08151 18.674 1
5.38997 -3.84225 1
3.42505 7.27508 1
53.6466 -2.35155 2
44.3672 1.69784 2
46.72 -0.365742 2
48.0596 3.00257 2
66.2437 -19.2832 2
51.9251 -5.333 2
47.0911 -1.36217 2
56.3302 -7.75958 2
54.4606 -7.30169 2
45.2366 3.36806 2
60.6203 -4.62576 2
54.0663 3.53266 2
49.9164 -1.03556 2
42.1247 5.07837 2
61.8162 -9.19769 2
47.9944 -3.48867 2
42.8043 8.45755 2
63.5771 -13.9672 2
74.6317 -19.555 2
42.1402 11.1345 2
48.4532 5.46025 2
52.2941 0.150492 2
41.4662 12.1059 2
51.9802 -8.14246 2
45.2742 4.02213 2
50.3055 2.29658 2
35.2379 18.9256 2
46.9519 3.5935 2
66.8634 -13.6784 2
58.02 -12.3564 2
46.3341 2.80191 2
31.8956 14.5172 2
37.9956 6.25657 2
59.6394 -9.34406 2
59.436 -10.7787 2
45.1939 3.79791 2
43.8653 13.6676 2
51.4463 -1.46276 2
50.6547 -0.310127 2
47.1317 2.06156 2
50.659 -6.29057 2
62.3193 -7.62374 2
47.0916 8.70452 2
39.108 10.9638 2
55.6624 -5.03665 2
45.8472 11.0803 2
50.824 -0.726048 2
43.0106 9.56438 2
51.3716 2.84354 2
41.8118 3.71467 2
53.8543 -4.478 2
44.3849 7.03025 2
44.0025 6.47389 2
39.719 13.8722 2
42.3712 6.00879 2
55.2474 -6.71193 2
46.1538 0.233493 2
53.9448 -4.93342 2
53.5059 -5.09139 2
64.0294 -16.4352 2
56.3518 -6.07537 2
49.1467 -3.95598 2
51.8399 2.26994 2
51.8239 -3.4504 2
51.4065 -2.06198 2
43.5168 9.69525 2
59.9528 -5.84623 2
57.3265 -1.49333 2
62.4164 -8.52586 2
51.7828 -1.00249 2
49.481 -0.992018 2
45.1075 8.1484 2
41.6152 8.50045 2
35.2776 15.6309 2
59.4609 -7.5321 2
43.3044 8.81504 2
47.8046 -1.89678 2
48.5025 0.0859428 2
54.5642 -4.36134 2
43.5552 1.7842 2
59.4813 -10.2485 2
44.2998 0.556694 2
47.5931 -0.0772395 2
51.122 -7.39769 2
33.8602 15.35 2
44.7089 12.9782 2
59.4456 -15.1467 2
51.1728 -2.69485 2
51.7158 -7.00353 2
54.0301 -10.0718 2
38.1846 9.58798 2
46.1182 2.66751 2
54.0004 0.0669357 2
55.1562 -2.99161 2
56.3803 -1.53434 2
54.8856 -3.82255 2
65.1565 -12.4441 2
57.9164 -6.89152 2
45.7457 -0.804831 2
47.7065 -8.00696 2
25.3902 -10.1432 3
24.2871 -12.5016 3
21.2278 -11.5012 3
28.6578 -7.97609 3
23.8099 -14.219 3
23.016 -9.44121 3
25.7757 -9.64951 3
23.456 -12.1756 3
24.5322 -7.44404 3
22.1966 -8.21511 3
29.2075 -9.03671 3
19.57 -7.30625 3
33.285 -12.3659 3
24.163 -11.1261 3
26.4908 -8.11283 3
19.4429 -7.64097 3
29.0946 -5.44501 3
23.5808 -13.1828 3
22.598 -15.6467 3
30.1671 -12.9632 3
28.045 -6.61736 3
24.5963 -9.25445 3
27.8201 -5.42733 3
28.301 -9.67823 3
24.2759 -5.17992 3
20.9555 -10.5807 3
23.5296 -4.89916 3
22.3566 -5.33695 3
23.14 -10.4218 3
24.0773 -13.2968 3
27.4313 -11.0627 3
28.295 -7.92742 3
23.358 -10.2456 3
24.1768 -8.31395 3
21.7259 -13.4202 3
24.3352 -6.6638 3
26.8291 -8.61586 3
30.5535 -9.02241 3
26.0156 -9.21632 3
24.4246 -13.0902 3
24.5647 -9.05705 3
24.4089 -7.52928 3
24.7468 -16.5627 3
22.4291 -8.69401 3
22.4028 -7.38886 3
21.7805 -11.3867 3
25.5298 -5.20695 3
21.6037 -9.46798 3
26.5907 -7.65198 3
18.4634 -9.72263 3
22.3891 -7.09613 3
25.4557 -6.50417 3
23.4694 -8.64881 3
28.2386 -7.02277 3
29.5083 -4.51915 3
26.8186 -6.73339 3
23.9828 -6.88987 3
26.9429 -11.034 3
22.414 -11.6362 3
24.0235 -10.2273 3
29.259 -4.38245 3
27.5896 -11.0383 3
25.402 -9.74536 3
22.2787 -9.91419 3
25.4492 -15.3776 3
28.4372 -11.0514 3
20.94 -9.61663 3
27.0773 -8.86299 3
21.9502 -10.2078 3
27.7733 -6.28541 3
27.3848 -9.11755 3
23.6652 -12.3893 3
24.4575 -11.3104 3
24.6175 -17.4346 3
17.5219 -11.2298 3
28.4853 -12.8268 3
22.6258 -8.95639 3
26.5695 -9.34203 3
26.4786 -11.9613 3
29.5576 -3.83046 3
20.3437 -11.31 3
23.5696 -5.04166 3
24.7374 -19.0058 3
25.0576 -3.65271 3
24.0359 -7.10615 3
20.3926 -10.1578 3
23.221 -9.9391 3
22.7064 -15.039 3
23.812 -7.83303 3
25.8204 -10.5233 3
27.0394 -10.4532 3
27.0034 -9.90639 3
25.9179 -11.3173 3
22.0935 -13.0645 3
25.1298 -8.6706 3
27.0502 -10.2056 3
21.6858 -7.61419 3
21.8315 -11.9149 3
24.1859 -13.0673 3
29.2253 -12.5114 3
